nan
0.359365
0.427043
-0.294751
-0.292752
0.0279765
0.33455
0.267611
-0.253338
-0.319594
nan
0.719549
0.853404
-0.586842
-0.586842
0.0559529
0.667053
0.533759
-0.506677
-0.640108
nan
0.719549
0.853404
-0.586842
-0.586842
0.0559529
0.667053
0.533759
-0.506677
-0.640108
nan
1.07992
1.27993
-0.880489
-0.880267
0.0815647
1.00015
0.799663
-0.760276
-0.960015
nan
1.43981
1.70663
-1.1737
-1.1732
0.106531
1.33369
1.0668
-1.01317
-1.28008
nan
1.79994
2.13332
-1.46687
-1.46674
0.132704
1.66671
1.33325
-1.26671
-1.6001
nan
2.15994
2.56002
-1.76014
-1.76014
0.15949
2.00017
1.6001
-1.5202
-1.92
nan
2.51987
2.98655
-2.05357
-2.05328
0.186626
2.33339
1.86687
-1.77321
-2.23992
nan
2.51987
2.98655
-2.05357
-2.05328
0.186626
2.33339
1.86687
-1.77321
-2.23992
nan
2.51987
2.98655
-2.05357
-2.05328
0.186626
2.33339
1.86687
-1.77321
-2.23992
nan
2.51987
2.98655
-2.05357
-2.05328
0.186626
2.33339
1.86687
-1.77321
-2.23992
nan
2.51987
2.98655
-2.05357
-2.05328
0.186626
2.33339
1.86687
-1.77321
-2.23992
nan
2.88004
3.41329
-2.34685
-2.3466
0.213062
2.66682
2.1335
-2.02671
-2.56002
nan
2.88004
3.41329
-2.34685
-2.3466
0.213062
2.66682
2.1335
-2.02671
-2.56002
nan
2.88004
3.41329
-2.34685
-2.3466
0.213062
2.66682
2.1335
-2.02671
-2.56002
nan
2.88004
3.41329
-2.34685
-2.3466
0.213062
2.66682
2.1335
-2.02671
-2.56002
nan
2.88004
3.41329
-2.34685
-2.3466
0.213062
2.66682
2.1335
-2.02671
-2.56002
nan
2.88004
3.41329
-2.34685
-2.3466
0.213062
2.66682
2.1335
-2.02671
-2.56002
nan
3.23997
3.83997
-2.63997
-2.63997
0.239848
2.99996
2.39996
-2.27993
-2.87991
nan
3.23997
3.83997
-2.63997
-2.63997
0.239848
2.99996
2.39996
-2.27993
-2.87991
nan
3.23997
3.83997
-2.63997
-2.63997
0.239848
2.99996
2.39996
-2.27993
-2.87991
nan
3.23997
3.83997
-2.63997
-2.63997
0.239848
2.99996
2.39996
-2.27993
-2.87991
nan
3.23997
3.83997
-2.63997
-2.63997
0.239848
2.99996
2.39996
-2.27993
-2.87991
nan
3.6
4.26668
-2.93325
-2.93338
0.266879
3.33349
2.6666
-2.53335
-3.19996
nan
3.95998
4.69336
-3.22665
-3.22665
0.29342
3.66688
2.93338
-2.78678
-3.51998
nan
4.31992
5.12002
-3.52009
-3.52003
0.319594
4.00003
3.20008
-3.03996
-3.83992
nan
4.31992
5.12002
-3.52009
-3.52003
0.319594
4.00003
3.20008
-3.03996
-3.83992
nan
4.31992
5.12002
-3.52009
-3.52003
0.319594
4.00003
3.20008
-3.03996
-3.83992
nan
4.31992
5.12002
-3.52009
-3.52003
0.319594
4.00003
3.20008
-3.03996
-3.83992
nan
4.31992
5.12002
-3.52009
-3.52003
0.319594
4.00003
3.20008
-3.03996
-3.83992
nan
4.31992
5.12002
-3.52009
-3.52003
0.319594
4.00003
3.20008
-3.03996
-3.83992
nan
4.31992
5.12002
-3.52009
-3.52003
0.319594
4.00003
3.20008
-3.03996
-3.83992
nan
4.31992
5.12002
-3.52009
-3.52003
0.319594
4.00003
3.20008
-3.03996
-3.83992
nan
4.31992
5.12002
-3.52009
-3.52003
0.319594
4.00003
3.20008
-3.03996
-3.83992
nan
4.31992
5.12002
-3.52009
-3.52003
0.319594
4.00003
3.20008
-3.03996
-3.83992
nan
4.31992
5.12002
-3.52009
-3.52003
0.319594
4.00003
3.20008
-3.03996
-3.83992
nan
4.31992
5.12002
-3.52009
-3.52003
0.319594
4.00003
3.20008
-3.03996
-3.83992
nan
4.31992
5.12002
-3.52009
-3.52003
0.319594
4.00003
3.20008
-3.03996
-3.83992
nan
4.6799
5.54673
-3.81331
-3.81331
0.346615
4.33341
3.46673
-3.29337
-4.15996
nan
4.6799
5.54673
-3.81331
-3.81331
0.346615
4.33341
3.46673
-3.29337
-4.15996
nan
5.03999
5.97333
-4.10675
-4.10661
0.373253
4.66669
3.73334
-3.54669
-4.47995
nan
5.03999
5.97333
-4.10675
-4.10661
0.373253
4.66669
3.73334
-3.54669
-4.47995
nan
5.03999
5.97333
-4.10675
-4.10661
0.373253
4.66669
3.73334
-3.54669
-4.47995
nan
5.03999
5.97333
-4.10675
-4.10661
0.373253
4.66669
3.73334
-3.54669
-4.47995
nan
5.39993
6.4
-4.40002
-4.39993
0.400074
5.00002
4.00008
-3.80004
-4.79996
nan
5.75994
6.82668
-4.69336
-4.69336
0.426585
5.3334
4.26668
-4.05338
-5.12002
nan
5.75994
6.82668
-4.69336
-4.69336
0.426585
5.3334
4.26668
-4.05338
-5.12002
nan
6.11994
7.25336
-4.98661
-4.98665
0.453703
5.66666
4.53341
-4.30666
-5.44003
nan
6.11994
7.25336
-4.98661
-4.98665
0.453703
5.66666
4.53341
-4.30666
-5.44003
nan
6.47996
7.68005
-5.27997
-5.28001
0.480105
5.99999
4.8
-4.55999
-5.76
nan
6.47996
7.68005
-5.27997
-5.28001
0.480105
5.99999
4.8
-4.55999
-5.76
nan
6.47996
7.68005
-5.27997
-5.28001
0.480105
5.99999
4.8
-4.55999
-5.76
nan
6.47996
7.68005
-5.27997
-5.28001
0.480105
5.99999
4.8
-4.55999
-5.76
nan
6.47996
7.68005
-5.27997
-5.28001
0.480105
5.99999
4.8
-4.55999
-5.76
nan
6.47996
7.68005
-5.27997
-5.28001
0.480105
5.99999
4.8
-4.55999
-5.76
nan
6.83994
8.10668
-5.57338
-5.57334
0.507063
6.33333
5.06663
-4.81332
-6.08002
nan
6.83994
8.10668
-5.57338
-5.57334
0.507063
6.33333
5.06663
-4.81332
-6.08002
nan
6.83994
8.10668
-5.57338
-5.57334
0.507063
6.33333
5.06663
-4.81332
-6.08002
nan
7.19996
8.53336
-5.86668
-5.86662
0.533025
6.66668
5.33333
-5.0667
-6.4
nan
7.19996
8.53336
-5.86668
-5.86662
0.533025
6.66668
5.33333
-5.0667
-6.4
nan
7.19996
8.53336
-5.86668
-5.86662
0.533025
6.66668
5.33333
-5.0667
-6.4
nan
7.19996
8.53336
-5.86668
-5.86662
0.533025
6.66668
5.33333
-5.0667
-6.4
nan
7.55998
8.95998
-6.16001
-6.16001
0.559881
6.99998
5.6
-5.31998
-6.72001
nan
7.91996
9.3867
-6.45336
-6.45333
0.586508
7.33331
5.86672
-5.57334
-7.04002
nan
7.91996
9.3867
-6.45336
-6.45333
0.586508
7.33331
5.86672
-5.57334
-7.04002
nan
7.91996
9.3867
-6.45336
-6.45333
0.586508
7.33331
5.86672
-5.57334
-7.04002
nan
7.91996
9.3867
-6.45336
-6.45333
0.586508
7.33331
5.86672
-5.57334
-7.04002
nan
7.91996
9.3867
-6.45336
-6.45333
0.586508
7.33331
5.86672
-5.57334
-7.04002
nan
7.91996
9.3867
-6.45336
-6.45333
0.586508
7.33331
5.86672
-5.57334
-7.04002
nan
7.91996
9.3867
-6.45336
-6.45333
0.586508
7.33331
5.86672
-5.57334
-7.04002
nan
7.91996
9.3867
-6.45336
-6.45333
0.586508
7.33331
5.86672
-5.57334
-7.04002
nan
8.27998
9.81334
-6.74669
-6.74666
0.613256
7.6667
6.13328
-5.82672
-7.36002
nan
8.27998
9.81334
-6.74669
-6.74666
0.613256
7.6667
6.13328
-5.82672
-7.36002
nan
8.63995
10.24
-7.04002
-7.03999
0.640108
7.99998
6.4
-6.07999
-7.67997
nan
8.63995
10.24
-7.04002
-7.03999
0.640108
7.99998
6.4
-6.07999
-7.67997
nan
8.99997
10.6667
-7.33334
-7.33331
0.666466
8.33336
6.66668
-6.33326
-7.99998
nan
8.99997
10.6667
-7.33334
-7.33331
0.666466
8.33336
6.66668
-6.33326
-7.99998
nan
9.35994
11.0933
-7.62666
-7.62666
0.693233
8.66665
6.93333
-6.58663
-8.31999
nan
9.71996
11.52
-7.92003
-7.91998
0.720093
8.99999
7.19999
-6.84003
-8.63995
nan
9.71996
11.52
-7.92003
-7.91998
0.720093
8.99999
7.19999
-6.84003
-8.63995
nan
9.71996
11.52
-7.92003
-7.91998
0.720093
8.99999
7.19999
-6.84003
-8.63995
nan
9.71996
11.52
-7.92003
-7.91998
0.720093
8.99999
7.19999
-6.84003
-8.63995
nan
10.08
11.9466
-8.21336
-8.21332
0.74651
9.33332
7.46666
-7.09335
-8.95998
nan
10.44
12.3733
-8.50669
-8.50662
0.773291
9.66664
7.73335
-7.34668
-9.27996
nan
10.44
12.3733
-8.50669
-8.50662
0.773291
9.66664
7.73335
-7.34668
-9.27996
nan
10.8
12.8
-8.80002
-8.79998
0.799663
10
8.00003
-7.60001
-9.60001
nan
10.8
12.8
-8.80002
-8.79998
0.799663
10
8.00003
-7.60001
-9.60001
nan
10.8
12.8
-8.80002
-8.79998
0.799663
10
8.00003
-7.60001
-9.60001
nan
11.16
13.2267
-9.09332
-9.09332
0.826852
10.3333
8.26667
-7.8533
-9.92
nan
11.16
13.2267
-9.09332
-9.09332
0.826852
10.3333
8.26667
-7.8533
-9.92
nan
11.52
13.6533
-9.3867
-9.38666
0.853175
10.6667
8.53334
-8.10668
-10.24
nan
11.52
13.6533
-9.3867
-9.38666
0.853175
10.6667
8.53334
-8.10668
-10.24
nan
11.52
13.6533
-9.3867
-9.38666
0.853175
10.6667
8.53334
-8.10668
-10.24
nan
11.52
13.6533
-9.3867
-9.38666
0.853175
10.6667
8.53334
-8.10668
-10.24
nan
11.88
14.08
-9.68004
-9.67997
0.880045
11
8.80002
-8.35999
-10.56
nan
12.24
14.5067
-9.97334
-9.9733
0.906766
11.3333
9.0667
-8.61331
-10.88
nan
12.24
14.5067
-9.97334
-9.9733
0.906766
11.3333
9.0667
-8.61331
-10.88
nan
12.24
14.5067
-9.97334
-9.9733
0.906766
11.3333
9.0667
-8.61331
-10.88
nan
12.24
14.5067
-9.97334
-9.9733
0.906766
11.3333
9.0667
-8.61331
-10.88
nan
12.24
14.5067
-9.97334
-9.9733
0.906766
11.3333
9.0667
-8.61331
-10.88
nan
12.24
14.5067
-9.97334
-9.9733
0.906766
11.3333
9.0667
-8.61331
-10.88
nan
12.24
14.5067
-9.97334
-9.9733
0.906766
11.3333
9.0667
-8.61331
-10.88
nan
12.24
14.5067
-9.97334
-9.9733
0.906766
11.3333
9.0667
-8.61331
-10.88
nan
12.24
14.5067
-9.97334
-9.9733
0.906766
11.3333
9.0667
-8.61331
-10.88
nan
12.24
14.5067
-9.97334
-9.9733
0.906766
11.3333
9.0667
-8.61331
-10.88
nan
12.24
14.5067
-9.97334
-9.9733
0.906766
11.3333
9.0667
-8.61331
-10.88
nan
12.24
14.5067
-9.97334
-9.9733
0.906766
11.3333
9.0667
-8.61331
-10.88
nan
12.6
14.9333
-10.2667
-10.2667
0.933351
11.6667
9.33334
-8.86665
-11.2
nan
12.6
14.9333
-10.2667
-10.2667
0.933351
11.6667
9.33334
-8.86665
-11.2
nan
12.6
14.9333
-10.2667
-10.2667
0.933351
11.6667
9.33334
-8.86665
-11.2
nan
12.6
14.9333
-10.2667
-10.2667
0.933351
11.6667
9.33334
-8.86665
-11.2
nan
12.96
15.36
-10.56
-10.56
0.960015
12
9.60003
-9.12001
-11.52
nan
12.96
15.36
-10.56
-10.56
0.960015
12
9.60003
-9.12001
-11.52
nan
13.32
15.7867
-10.8534
-10.8533
0.986554
12.3333
9.86669
-9.37331
-11.84
nan
13.32
15.7867
-10.8534
-10.8533
0.986554
12.3333
9.86669
-9.37331
-11.84
nan
13.32
15.7867
-10.8534
-10.8533
0.986554
12.3333
9.86669
-9.37331
-11.84
nan
13.32
15.7867
-10.8534
-10.8533
0.986554
12.3333
9.86669
-9.37331
-11.84
nan
13.32
15.7867
-10.8534
-10.8533
0.986554
12.3333
9.86669
-9.37331
-11.84
nan
13.32
15.7867
-10.8534
-10.8533
0.986554
12.3333
9.86669
-9.37331
-11.84
nan
13.32
15.7867
-10.8534
-10.8533
0.986554
12.3333
9.86669
-9.37331
-11.84
nan
13.68
16.2133
-11.1466
-11.1466
1.01356
12.6667
10.1334
-9.62666
-12.16
nan
13.68
16.2133
-11.1466
-11.1466
1.01356
12.6667
10.1334
-9.62666
-12.16
nan
13.68
16.2133
-11.1466
-11.1466
1.01356
12.6667
10.1334
-9.62666
-12.16
nan
13.68
16.2133
-11.1466
-11.1466
1.01356
12.6667
10.1334
-9.62666
-12.16
nan
14.04
16.64
-11.44
-11.44
1.04023
13
10.4
-9.88
-12.48
nan
14.3999
17.0667
-11.7333
-11.7333
1.06661
13.3333
10.6666
-10.1334
-12.8
nan
14.3999
17.0667
-11.7333
-11.7333
1.06661
13.3333
10.6666
-10.1334
-12.8
nan
14.76
17.4933
-12.0267
-12.0266
1.09325
13.6667
10.9334
-10.3867
-13.12
nan
14.76
17.4933
-12.0267
-12.0266
1.09325
13.6667
10.9334
-10.3867
-13.12
nan
14.76
17.4933
-12.0267
-12.0266
1.09325
13.6667
10.9334
-10.3867
-13.12
nan
14.76
17.4933
-12.0267
-12.0266
1.09325
13.6667
10.9334
-10.3867
-13.12
nan
15.12
17.92
-12.32
-12.32
1.11995
14
11.2
-10.64
-13.44
nan
15.12
17.92
-12.32
-12.32
1.11995
14
11.2
-10.64
-13.44
nan
15.12
17.92
-12.32
-12.32
1.11995
14
11.2
-10.64
-13.44
nan
15.12
17.92
-12.32
-12.32
1.11995
14
11.2
-10.64
-13.44
nan
15.12
17.92
-12.32
-12.32
1.11995
14
11.2
-10.64
-13.44
nan
15.12
17.92
-12.32
-12.32
1.11995
14
11.2
-10.64
-13.44
nan
15.12
17.92
-12.32
-12.32
1.11995
14
11.2
-10.64
-13.44
nan
15.12
17.92
-12.32
-12.32
1.11995
14
11.2
-10.64
-13.44
nan
15.12
17.92
-12.32
-12.32
1.11995
14
11.2
-10.64
-13.44
nan
15.12
17.92
-12.32
-12.32
1.11995
14
11.2
-10.64
-13.44
nan
15.12
17.92
-12.32
-12.32
1.11995
14
11.2
-10.64
-13.44
nan
15.12
17.92
-12.32
-12.32
1.11995
14
11.2
-10.64
-13.44
nan
15.48
18.3467
-12.6134
-12.6133
1.14671
14.3334
11.4667
-10.8933
-13.76
nan
15.84
18.7734
-12.9067
-12.9066
1.17337
14.6667
11.7333
-11.1466
-14.08
nan
15.84
18.7734
-12.9067
-12.9066
1.17337
14.6667
11.7333
-11.1466
-14.08
nan
15.84
18.7734
-12.9067
-12.9066
1.17337
14.6667
11.7333
-11.1466
-14.08
nan
15.84
18.7734
-12.9067
-12.9066
1.17337
14.6667
11.7333
-11.1466
-14.08
nan
16.2
19.2
-13.2
-13.2
1.19992
15
12
-11.4
-14.4
nan
16.2
19.2
-13.2
-13.2
1.19992
15
12
-11.4
-14.4
nan
16.2
19.2
-13.2
-13.2
1.19992
15
12
-11.4
-14.4
nan
16.56
19.6267
-13.4933
-13.4933
1.22669
15.3333
12.2667
-11.6533
-14.72
nan
16.56
19.6267
-13.4933
-13.4933
1.22669
15.3333
12.2667
-11.6533
-14.72
nan
16.56
19.6267
-13.4933
-13.4933
1.22669
15.3333
12.2667
-11.6533
-14.72
nan
16.56
19.6267
-13.4933
-13.4933
1.22669
15.3333
12.2667
-11.6533
-14.72
nan
16.56
19.6267
-13.4933
-13.4933
1.22669
15.3333
12.2667
-11.6533
-14.72
nan
16.56
19.6267
-13.4933
-13.4933
1.22669
15.3333
12.2667
-11.6533
-14.72
nan
16.56
19.6267
-13.4933
-13.4933
1.22669
15.3333
12.2667
-11.6533
-14.72
nan
16.92
20.0533
-13.7867
-13.7867
1.2532
15.6667
12.5333
-11.9067
-15.04
nan
16.92
20.0533
-13.7867
-13.7867
1.2532
15.6667
12.5333
-11.9067
-15.04
nan
16.92
20.0533
-13.7867
-13.7867
1.2532
15.6667
12.5333
-11.9067
-15.04
nan
17.28
20.48
-14.08
-14.08
1.28008
16
12.8
-12.16
-15.36
nan
17.28
20.48
-14.08
-14.08
1.28008
16
12.8
-12.16
-15.36
nan
17.28
20.48
-14.08
-14.08
1.28008
16
12.8
-12.16
-15.36
nan
17.64
20.9067
-14.3733
-14.3733
1.30671
16.3334
13.0667
-12.4133
-15.68
nan
17.64
20.9067
-14.3733
-14.3733
1.30671
16.3334
13.0667
-12.4133
-15.68
nan
17.64
20.9067
-14.3733
-14.3733
1.30671
16.3334
13.0667
-12.4133
-15.68
nan
17.64
20.9067
-14.3733
-14.3733
1.30671
16.3334
13.0667
-12.4133
-15.68
nan
17.64
20.9067
-14.3733
-14.3733
1.30671
16.3334
13.0667
-12.4133
-15.68
nan
18
21.3333
-14.6667
-14.6667
1.3334
16.6667
13.3333
-12.6666
-16
nan
18.36
21.76
-14.96
-14.96
1.36013
17
13.6
-12.92
-16.32
nan
18.72
22.1867
-15.2534
-15.2533
1.38663
17.3333
13.8667
-13.1733
-16.64
nan
19.08
22.6133
-15.5467
-15.5467
1.41333
17.6667
14.1333
-13.4267
-16.96
nan
19.44
23.04
-15.84
-15.84
1.43994
18
14.4
-13.68
-17.28
nan
19.8
23.4667
-16.1334
-16.1333
1.46674
18.3333
14.6667
-13.9334
-17.6
nan
19.8
23.4667
-16.1334
-16.1333
1.46674
18.3333
14.6667
-13.9334
-17.6
nan
19.8
23.4667
-16.1334
-16.1333
1.46674
18.3333
14.6667
-13.9334
-17.6
nan
20.16
23.8933
-16.4267
-16.4267
1.49331
18.6667
14.9334
-14.1866
-17.92
nan
20.16
23.8933
-16.4267
-16.4267
1.49331
18.6667
14.9334
-14.1866
-17.92
nan
20.16
23.8933
-16.4267
-16.4267
1.49331
18.6667
14.9334
-14.1866
-17.92
nan
20.16
23.8933
-16.4267
-16.4267
1.49331
18.6667
14.9334
-14.1866
-17.92
nan
20.16
23.8933
-16.4267
-16.4267
1.49331
18.6667
14.9334
-14.1866
-17.92
nan
20.52
24.32
-16.72
-16.72
1.52007
19
15.2
-14.44
-18.24
nan
20.88
24.7467
-17.0133
-17.0133
1.54662
19.3333
15.4667
-14.6933
-18.56
nan
21.24
25.1733
-17.3067
-17.3067
1.57334
19.6667
15.7333
-14.9467
-18.88
nan
21.24
25.1733
-17.3067
-17.3067
1.57334
19.6667
15.7333
-14.9467
-18.88
nan
21.6
25.6
-17.6
-17.6
1.59998
20
16
-15.2
-19.2
nan
21.96
26.0267
-17.8933
-17.8933
1.62666
20.3333
16.2667
-15.4533
-19.52
nan
21.96
26.0267
-17.8933
-17.8933
1.62666
20.3333
16.2667
-15.4533
-19.52
nan
21.96
26.0267
-17.8933
-17.8933
1.62666
20.3333
16.2667
-15.4533
-19.52
nan
21.96
26.0267
-17.8933
-17.8933
1.62666
20.3333
16.2667
-15.4533
-19.52
nan
22.32
26.4533
-18.1867
-18.1867
1.65327
20.6667
16.5333
-15.7066
-19.84
nan
22.32
26.4533
-18.1867
-18.1867
1.65327
20.6667
16.5333
-15.7066
-19.84
nan
22.32
26.4533
-18.1867
-18.1867
1.65327
20.6667
16.5333
-15.7066
-19.84
nan
22.32
26.4533
-18.1867
-18.1867
1.65327
20.6667
16.5333
-15.7066
-19.84
nan
22.32
26.4533
-18.1867
-18.1867
1.65327
20.6667
16.5333
-15.7066
-19.84
nan
22.32
26.4533
-18.1867
-18.1867
1.65327
20.6667
16.5333
-15.7066
-19.84
nan
22.32
26.4533
-18.1867
-18.1867
1.65327
20.6667
16.5333
-15.7066
-19.84
nan
22.32
26.4533
-18.1867
-18.1867
1.65327
20.6667
16.5333
-15.7066
-19.84
nan
22.68
26.88
-18.48
-18.48
1.68005
21
16.8
-15.96
-20.16
nan
23.04
27.3067
-18.7734
-18.7733
1.70663
21.3333
17.0667
-16.2133
-20.48
nan
23.04
27.3067
-18.7734
-18.7733
1.70663
21.3333
17.0667
-16.2133
-20.48
nan
23.04
27.3067
-18.7734
-18.7733
1.70663
21.3333
17.0667
-16.2133
-20.48
nan
23.04
27.3067
-18.7734
-18.7733
1.70663
21.3333
17.0667
-16.2133
-20.48
nan
23.4
27.7333
-19.0667
-19.0667
1.73325
21.6667
17.3333
-16.4666
-20.8
nan
23.4
27.7333
-19.0667
-19.0667
1.73325
21.6667
17.3333
-16.4666
-20.8
nan
23.76
28.16
-19.36
-19.36
1.76014
22
17.6
-16.72
-21.12
nan
24.12
28.5867
-19.6534
-19.6533
1.78674
22.3334
17.8667
-16.9733
-21.44
nan
24.12
28.5867
-19.6534
-19.6533
1.78674
22.3334
17.8667
-16.9733
-21.44
nan
24.12
28.5867
-19.6534
-19.6533
1.78674
22.3334
17.8667
-16.9733
-21.44
nan
24.12
28.5867
-19.6534
-19.6533
1.78674
22.3334
17.8667
-16.9733
-21.44
nan
24.12
28.5867
-19.6534
-19.6533
1.78674
22.3334
17.8667
-16.9733
-21.44
nan
24.48
29.0133
-19.9467
-19.9467
1.81327
22.6667
18.1333
-17.2266
-21.76
nan
24.84
29.44
-20.24
-20.24
1.84005
23
18.4
-17.48
-22.08
nan
25.2
29.8667
-20.5333
-20.5333
1.86666
23.3333
18.6667
-17.7333
-22.4
nan
25.56
30.2933
-20.8267
-20.8267
1.89331
23.6667
18.9333
-17.9867
-22.72
nan
25.92
30.72
-21.12
-21.12
1.91989
24
19.2
-18.24
-23.04
nan
25.92
30.72
-21.12
-21.12
1.91989
24
19.2
-18.24
-23.04
nan
26.28
31.1467
-21.4134
-21.4133
1.94662
24.3333
19.4667
-18.4933
-23.36
nan
26.28
31.1467
-21.4134
-21.4133
1.94662
24.3333
19.4667
-18.4933
-23.36
nan
26.28
31.1467
-21.4134
-21.4133
1.94662
24.3333
19.4667
-18.4933
-23.36
nan
26.28
31.1467
-21.4134
-21.4133
1.94662
24.3333
19.4667
-18.4933
-23.36
nan
26.64
31.5733
-21.7067
-21.7067
1.97328
24.6667
19.7333
-18.7466
-23.68
nan
26.64
31.5733
-21.7067
-21.7067
1.97328
24.6667
19.7333
-18.7466
-23.68
nan
26.64
31.5733
-21.7067
-21.7067
1.97328
24.6667
19.7333
-18.7466
-23.68
nan
26.64
31.5733
-21.7067
-21.7067
1.97328
24.6667
19.7333
-18.7466
-23.68
nan
26.64
31.5733
-21.7067
-21.7067
1.97328
24.6667
19.7333
-18.7466
-23.68
nan
27
32
-22
-22
1.99988
25
20
-19
-24
nan
27
32
-22
-22
1.99988
25
20
-19
-24
nan
27
32
-22
-22
1.99988
25
20
-19
-24
nan
27
32
-22
-22
1.99988
25
20
-19
-24
nan
27.36
32.4267
-22.2934
-22.2933
2.02661
25.3333
20.2667
-19.2533
-24.32
nan
27.36
32.4267
-22.2934
-22.2933
2.02661
25.3333
20.2667
-19.2533
-24.32
nan
27.36
32.4267
-22.2934
-22.2933
2.02661
25.3333
20.2667
-19.2533
-24.32
nan
27.36
32.4267
-22.2934
-22.2933
2.02661
25.3333
20.2667
-19.2533
-24.32
nan
27.72
32.8533
-22.5867
-22.5867
2.05328
25.6667
20.5333
-19.5067
-24.64
nan
27.72
32.8533
-22.5867
-22.5867
2.05328
25.6667
20.5333
-19.5067
-24.64
nan
27.72
32.8533
-22.5867
-22.5867
2.05328
25.6667
20.5333
-19.5067
-24.64
nan
28.08
33.28
-22.88
-22.88
2.07999
26
20.8
-19.76
-24.96
nan
28.08
33.28
-22.88
-22.88
2.07999
26
20.8
-19.76
-24.96
nan
28.44
33.7067
-23.1734
-23.1733
2.10664
26.3333
21.0667
-20.0133
-25.28
nan
28.8
34.1334
-23.4667
-23.4666
2.13341
26.6667
21.3333
-20.2666
-25.6
nan
28.8
34.1334
-23.4667
-23.4666
2.13341
26.6667
21.3333
-20.2666
-25.6
nan
29.16
34.56
-23.76
-23.76
2.15994
27
21.6
-20.52
-25.92
nan
29.52
34.9867
-24.0534
-24.0533
2.18669
27.3333
21.8667
-20.7733
-26.24
nan
29.52
34.9867
-24.0534
-24.0533
2.18669
27.3333
21.8667
-20.7733
-26.24
nan
29.52
34.9867
-24.0534
-24.0533
2.18669
27.3333
21.8667
-20.7733
-26.24
nan
29.52
34.9867
-24.0534
-24.0533
2.18669
27.3333
21.8667
-20.7733
-26.24
nan
29.88
35.4134
-24.3467
-24.3467
2.21329
27.6667
22.1333
-21.0267
-26.56
nan
29.88
35.4134
-24.3467
-24.3467
2.21329
27.6667
22.1333
-21.0267
-26.56
nan
29.88
35.4134
-24.3467
-24.3467
2.21329
27.6667
22.1333
-21.0267
-26.56
nan
29.88
35.4134
-24.3467
-24.3467
2.21329
27.6667
22.1333
-21.0267
-26.56
nan
29.88
35.4134
-24.3467
-24.3467
2.21329
27.6667
22.1333
-21.0267
-26.56
nan
29.88
35.4134
-24.3467
-24.3467
2.21329
27.6667
22.1333
-21.0267
-26.56
nan
29.88
35.4134
-24.3467
-24.3467
2.21329
27.6667
22.1333
-21.0267
-26.56
nan
29.88
35.4134
-24.3467
-24.3467
2.21329
27.6667
22.1333
-21.0267
-26.56
nan
29.88
35.4134
-24.3467
-24.3467
2.21329
27.6667
22.1333
-21.0267
-26.56
nan
30.24
35.84
-24.64
-24.64
2.24001
28
22.4
-21.28
-26.88
nan
30.24
35.84
-24.64
-24.64
2.24001
28
22.4
-21.28
-26.88
nan
30.24
35.84
-24.64
-24.64
2.24001
28
22.4
-21.28
-26.88
nan
30.24
35.84
-24.64
-24.64
2.24001
28
22.4
-21.28
-26.88
nan
30.24
35.84
-24.64
-24.64
2.24001
28
22.4
-21.28
-26.88
nan
30.24
35.84
-24.64
-24.64
2.24001
28
22.4
-21.28
-26.88
nan
30.5999
36.2667
-24.9333
-24.9333
2.26667
28.3333
22.6667
-21.5333
-27.2
nan
30.5999
36.2667
-24.9333
-24.9333
2.26667
28.3333
22.6667
-21.5333
-27.2
nan
30.96
36.6934
-25.2267
-25.2266
2.29337
28.6667
22.9333
-21.7867
-27.52
nan
31.32
37.12
-25.52
-25.52
2.32001
29
23.2
-22.04
-27.84
nan
31.32
37.12
-25.52
-25.52
2.32001
29
23.2
-22.04
-27.84
nan
31.32
37.12
-25.52
-25.52
2.32001
29
23.2
-22.04
-27.84
nan
31.68
37.5467
-25.8133
-25.8133
2.34669
29.3333
23.4667
-22.2933
-28.16
nan
31.68
37.5467
-25.8133
-25.8133
2.34669
29.3333
23.4667
-22.2933
-28.16
nan
32.04
37.9734
-26.1067
-26.1067
2.37331
29.6667
23.7333
-22.5466
-28.48
nan
32.4
38.4
-26.4
-26.4
2.40004
30
24
-22.8
-28.8
nan
32.4
38.4
-26.4
-26.4
2.40004
30
24
-22.8
-28.8
nan
32.4
38.4
-26.4
-26.4
2.40004
30
24
-22.8
-28.8
nan
32.4
38.4
-26.4
-26.4
2.40004
30
24
-22.8
-28.8
nan
32.4
38.4
-26.4
-26.4
2.40004
30
24
-22.8
-28.8
nan
32.76
38.8267
-26.6933
-26.6933
2.42673
30.3333
24.2667
-23.0533
-29.12
nan
32.76
38.8267
-26.6933
-26.6933
2.42673
30.3333
24.2667
-23.0533
-29.12
nan
33.12
39.2534
-26.9867
-26.9867
2.45328
30.6667
24.5333
-23.3066
-29.44
nan
33.48
39.68
-27.28
-27.28
2.48002
31
24.8
-23.56
-29.76
nan
33.48
39.68
-27.28
-27.28
2.48002
31
24.8
-23.56
-29.76
nan
33.84
40.1067
-27.5733
-27.5733
2.50671
31.3333
25.0667
-23.8133
-30.08
nan
33.84
40.1067
-27.5733
-27.5733
2.50671
31.3333
25.0667
-23.8133
-30.08
nan
33.84
40.1067
-27.5733
-27.5733
2.50671
31.3333
25.0667
-23.8133
-30.08
nan
33.84
40.1067
-27.5733
-27.5733
2.50671
31.3333
25.0667
-23.8133
-30.08
nan
33.84
40.1067
-27.5733
-27.5733
2.50671
31.3333
25.0667
-23.8133
-30.08
nan
34.1999
40.5334
-27.8667
-27.8666
2.53327
31.6667
25.3334
-24.0666
-30.4
nan
34.5599
40.96
-28.16
-28.16
2.55994
32
25.6
-24.32
-30.72
nan
34.5599
40.96
-28.16
-28.16
2.55994
32
25.6
-24.32
-30.72
nan
34.5599
40.96
-28.16
-28.16
2.55994
32
25.6
-24.32
-30.72
nan
34.92
41.3867
-28.4534
-28.4533
2.58672
32.3333
25.8667
-24.5733
-31.04
nan
34.92
41.3867
-28.4534
-28.4533
2.58672
32.3333
25.8667
-24.5733
-31.04
nan
35.28
41.8134
-28.7467
-28.7467
2.61337
32.6667
26.1333
-24.8267
-31.36
nan
35.6399
42.24
-29.04
-29.04
2.64005
33
26.4
-25.08
-31.68
nan
35.6399
42.24
-29.04
-29.04
2.64005
33
26.4
-25.08
-31.68
nan
35.6399
42.24
-29.04
-29.04
2.64005
33
26.4
-25.08
-31.68
nan
36
42.6667
-29.3334
-29.3333
2.66668
33.3333
26.6667
-25.3333
-32
nan
36
42.6667
-29.3334
-29.3333
2.66668
33.3333
26.6667
-25.3333
-32
nan
36
42.6667
-29.3334
-29.3333
2.66668
33.3333
26.6667
-25.3333
-32
nan
36
42.6667
-29.3334
-29.3333
2.66668
33.3333
26.6667
-25.3333
-32
nan
36.36
43.0934
-29.6267
-29.6267
2.69334
33.6667
26.9333
-25.5866
-32.32
nan
36.36
43.0934
-29.6267
-29.6267
2.69334
33.6667
26.9333
-25.5866
-32.32
nan
36.7199
43.52
-29.92
-29.92
2.72002
34
27.2
-25.84
-32.64
nan
37.0799
43.9467
-30.2133
-30.2133
2.74666
34.3333
27.4667
-26.0933
-32.96
nan
37.4399
44.3734
-30.5067
-30.5067
2.77333
34.6667
27.7333
-26.3466
-33.28
nan
37.4399
44.3734
-30.5067
-30.5067
2.77333
34.6667
27.7333
-26.3466
-33.28
nan
37.4399
44.3734
-30.5067
-30.5067
2.77333
34.6667
27.7333
-26.3466
-33.28
nan
37.4399
44.3734
-30.5067
-30.5067
2.77333
34.6667
27.7333
-26.3466
-33.28
nan
37.7999
44.8
-30.8
-30.8
2.80002
35
28
-26.6
-33.6
nan
38.1599
45.2267
-31.0933
-31.0933
2.82667
35.3333
28.2667
-26.8533
-33.92
nan
38.1599
45.2267
-31.0933
-31.0933
2.82667
35.3333
28.2667
-26.8533
-33.92
nan
38.1599
45.2267
-31.0933
-31.0933
2.82667
35.3333
28.2667
-26.8533
-33.92
nan
38.1599
45.2267
-31.0933
-31.0933
2.82667
35.3333
28.2667
-26.8533
-33.92
nan
38.1599
45.2267
-31.0933
-31.0933
2.82667
35.3333
28.2667
-26.8533
-33.92
nan
38.1599
45.2267
-31.0933
-31.0933
2.82667
35.3333
28.2667
-26.8533
-33.92
nan
38.1599
45.2267
-31.0933
-31.0933
2.82667
35.3333
28.2667
-26.8533
-33.92
nan
38.1599
45.2267
-31.0933
-31.0933
2.82667
35.3333
28.2667
-26.8533
-33.92
nan
38.5199
45.6534
-31.3867
-31.3866
2.85334
35.6667
28.5333
-27.1066
-34.24
nan
38.5199
45.6534
-31.3867
-31.3866
2.85334
35.6667
28.5333
-27.1066
-34.24
nan
38.5199
45.6534
-31.3867
-31.3866
2.85334
35.6667
28.5333
-27.1066
-34.24
nan
38.5199
45.6534
-31.3867
-31.3866
2.85334
35.6667
28.5333
-27.1066
-34.24
nan
38.5199
45.6534
-31.3867
-31.3866
2.85334
35.6667
28.5333
-27.1066
-34.24
nan
38.5199
45.6534
-31.3867
-31.3866
2.85334
35.6667
28.5333
-27.1066
-34.24
nan
38.8799
46.08
-31.68
-31.68
2.88004
36
28.8
-27.36
-34.56
nan
39.2399
46.5067
-31.9733
-31.9733
2.90663
36.3334
29.0667
-27.6133
-34.88
nan
39.2399
46.5067
-31.9733
-31.9733
2.90663
36.3334
29.0667
-27.6133
-34.88
nan
39.2399
46.5067
-31.9733
-31.9733
2.90663
36.3334
29.0667
-27.6133
-34.88
nan
39.2399
46.5067
-31.9733
-31.9733
2.90663
36.3334
29.0667
-27.6133
-34.88
nan
39.5999
46.9334
-32.2667
-32.2666
2.93331
36.6667
29.3333
-27.8666
-35.2
nan
39.9599
47.36
-32.56
-32.56
2.95995
37
29.6
-28.12
-35.52
nan
40.3199
47.7867
-32.8534
-32.8533
2.98669
37.3333
29.8667
-28.3733
-35.84
nan
40.6799
48.2134
-33.1467
-33.1466
3.01337
37.6667
30.1333
-28.6266
-36.16
nan
40.6799
48.2134
-33.1467
-33.1466
3.01337
37.6667
30.1333
-28.6266
-36.16
nan
41.0399
48.64
-33.44
-33.44
3.04002
38
30.4
-28.88
-36.48
nan
41.0399
48.64
-33.44
-33.44
3.04002
38
30.4
-28.88
-36.48
nan
41.3999
49.0667
-33.7333
-33.7333
3.06663
38.3333
30.6667
-29.1333
-36.8
nan
41.7599
49.4934
-34.0267
-34.0267
3.09332
38.6667
30.9333
-29.3866
-37.12
nan
41.7599
49.4934
-34.0267
-34.0267
3.09332
38.6667
30.9333
-29.3866
-37.12
nan
41.7599
49.4934
-34.0267
-34.0267
3.09332
38.6667
30.9333
-29.3866
-37.12
nan
41.7599
49.4934
-34.0267
-34.0267
3.09332
38.6667
30.9333
-29.3866
-37.12
nan
41.7599
49.4934
-34.0267
-34.0267
3.09332
38.6667
30.9333
-29.3866
-37.12
nan
41.7599
49.4934
-34.0267
-34.0267
3.09332
38.6667
30.9333
-29.3866
-37.12
nan
42.1199
49.92
-34.32
-34.32
3.12004
39
31.2
-29.64
-37.44
nan
42.1199
49.92
-34.32
-34.32
3.12004
39
31.2
-29.64
-37.44
nan
42.1199
49.92
-34.32
-34.32
3.12004
39
31.2
-29.64
-37.44
nan
42.4799
50.3467
-34.6134
-34.6133
3.14666
39.3333
31.4667
-29.8933
-37.76
nan
42.4799
50.3467
-34.6134
-34.6133
3.14666
39.3333
31.4667
-29.8933
-37.76
nan
42.8399
50.7734
-34.9067
-34.9066
3.17336
39.6667
31.7333
-30.1466
-38.08
nan
42.8399
50.7734
-34.9067
-34.9066
3.17336
39.6667
31.7333
-30.1466
-38.08
nan
42.8399
50.7734
-34.9067
-34.9066
3.17336
39.6667
31.7333
-30.1466
-38.08
nan
42.8399
50.7734
-34.9067
-34.9066
3.17336
39.6667
31.7333
-30.1466
-38.08
nan
42.8399
50.7734
-34.9067
-34.9066
3.17336
39.6667
31.7333
-30.1466
-38.08
nan
42.8399
50.7734
-34.9067
-34.9066
3.17336
39.6667
31.7333
-30.1466
-38.08
nan
43.1999
51.2
-35.2
-35.2
3.19996
40
32
-30.4
-38.4
nan
43.1999
51.2
-35.2
-35.2
3.19996
40
32
-30.4
-38.4
nan
43.1999
51.2
-35.2
-35.2
3.19996
40
32
-30.4
-38.4
nan
43.1999
51.2
-35.2
-35.2
3.19996
40
32
-30.4
-38.4
nan
43.1999
51.2
-35.2
-35.2
3.19996
40
32
-30.4
-38.4
nan
43.5599
51.6267
-35.4933
-35.4933
3.22659
40.3333
32.2667
-30.6533
-38.72
nan
43.5599
51.6267
-35.4933
-35.4933
3.22659
40.3333
32.2667
-30.6533
-38.72
nan
43.5599
51.6267
-35.4933
-35.4933
3.22659
40.3333
32.2667
-30.6533
-38.72
nan
43.5599
51.6267
-35.4933
-35.4933
3.22659
40.3333
32.2667
-30.6533
-38.72
nan
43.5599
51.6267
-35.4933
-35.4933
3.22659
40.3333
32.2667
-30.6533
-38.72
nan
43.5599
51.6267
-35.4933
-35.4933
3.22659
40.3333
32.2667
-30.6533
-38.72
nan
43.5599
51.6267
-35.4933
-35.4933
3.22659
40.3333
32.2667
-30.6533
-38.72
nan
43.9199
52.0534
-35.7867
-35.7867
3.25335
40.6667
32.5333
-30.9066
-39.04
nan
44.2799
52.48
-36.08
-36.08
3.27996
41
32.8
-31.16
-39.36
nan
44.2799
52.48
-36.08
-36.08
3.27996
41
32.8
-31.16
-39.36
nan
44.6399
52.9067
-36.3733
-36.3733
3.30666
41.3333
33.0667
-31.4133
-39.68
nan
44.6399
52.9067
-36.3733
-36.3733
3.30666
41.3333
33.0667
-31.4133
-39.68
nan
44.9999
53.3334
-36.6667
-36.6666
3.33331
41.6667
33.3333
-31.6666
-40
nan
45.3599
53.76
-36.96
-36.96
3.36004
42
33.6
-31.92
-40.32
nan
45.3599
53.76
-36.96
-36.96
3.36004
42
33.6
-31.92
-40.32
nan
45.3599
53.76
-36.96
-36.96
3.36004
42
33.6
-31.92
-40.32
nan
45.3599
53.76
-36.96
-36.96
3.36004
42
33.6
-31.92
-40.32
nan
45.7199
54.1867
-37.2533
-37.2533
3.38668
42.3333
33.8667
-32.1733
-40.64
nan
46.0799
54.6134
-37.5467
-37.5467
3.41335
42.6667
34.1333
-32.4266
-40.96
nan
46.0799
54.6134
-37.5467
-37.5467
3.41335
42.6667
34.1333
-32.4266
-40.96
nan
46.0799
54.6134
-37.5467
-37.5467
3.41335
42.6667
34.1333
-32.4266
-40.96
nan
46.0799
54.6134
-37.5467
-37.5467
3.41335
42.6667
34.1333
-32.4266
-40.96
nan
46.0799
54.6134
-37.5467
-37.5467
3.41335
42.6667
34.1333
-32.4266
-40.96
nan
46.0799
54.6134
-37.5467
-37.5467
3.41335
42.6667
34.1333
-32.4266
-40.96
nan
46.4399
55.04
-37.84
-37.84
3.43997
43
34.4
-32.68
-41.28
nan
46.4399
55.04
-37.84
-37.84
3.43997
43
34.4
-32.68
-41.28
nan
46.7999
55.4667
-38.1333
-38.1333
3.46668
43.3333
34.6667
-32.9333
-41.6
nan
47.1599
55.8934
-38.4267
-38.4267
3.49334
43.6667
34.9333
-33.1866
-41.92
nan
47.1599
55.8934
-38.4267
-38.4267
3.49334
43.6667
34.9333
-33.1866
-41.92
nan
47.5199
56.32
-38.72
-38.72
3.52003
44
35.2
-33.44
-42.24
nan
47.5199
56.32
-38.72
-38.72
3.52003
44
35.2
-33.44
-42.24
nan
47.5199
56.32
-38.72
-38.72
3.52003
44
35.2
-33.44
-42.24
nan
47.5199
56.32
-38.72
-38.72
3.52003
44
35.2
-33.44
-42.24
nan
47.5199
56.32
-38.72
-38.72
3.52003
44
35.2
-33.44
-42.24
nan
47.5199
56.32
-38.72
-38.72
3.52003
44
35.2
-33.44
-42.24
nan
47.5199
56.32
-38.72
-38.72
3.52003
44
35.2
-33.44
-42.24
nan
47.5199
56.32
-38.72
-38.72
3.52003
44
35.2
-33.44
-42.24
nan
47.5199
56.32
-38.72
-38.72
3.52003
44
35.2
-33.44
-42.24
nan
47.5199
56.32
-38.72
-38.72
3.52003
44
35.2
-33.44
-42.24
nan
47.5199
56.32
-38.72
-38.72
3.52003
44
35.2
-33.44
-42.24
nan
47.5199
56.32
-38.72
-38.72
3.52003
44
35.2
-33.44
-42.24
nan
47.8799
56.7467
-39.0133
-39.0133
3.54669
44.3333
35.4667
-33.6933
-42.56
nan
48.2399
57.1734
-39.3067
-39.3067
3.5733
44.6667
35.7333
-33.9466
-42.88
nan
48.2399
57.1734
-39.3067
-39.3067
3.5733
44.6667
35.7333
-33.9466
-42.88
nan
48.2399
57.1734
-39.3067
-39.3067
3.5733
44.6667
35.7333
-33.9466
-42.88
nan
48.2399
57.1734
-39.3067
-39.3067
3.5733
44.6667
35.7333
-33.9466
-42.88
nan
48.2399
57.1734
-39.3067
-39.3067
3.5733
44.6667
35.7333
-33.9466
-42.88
nan
48.2399
57.1734
-39.3067
-39.3067
3.5733
44.6667
35.7333
-33.9466
-42.88
nan
48.5999
57.6
-39.6
-39.6
3.60005
45
36
-34.2
-43.2
nan
48.5999
57.6
-39.6
-39.6
3.60005
45
36
-34.2
-43.2
nan
48.9599
58.0267
-39.8934
-39.8933
3.62661
45.3333
36.2667
-34.4533
-43.52
nan
48.9599
58.0267
-39.8934
-39.8933
3.62661
45.3333
36.2667
-34.4533
-43.52
nan
48.9599
58.0267
-39.8934
-39.8933
3.62661
45.3333
36.2667
-34.4533
-43.52
nan
48.9599
58.0267
-39.8934
-39.8933
3.62661
45.3333
36.2667
-34.4533
-43.52
nan
48.9599
58.0267
-39.8934
-39.8933
3.62661
45.3333
36.2667
-34.4533
-43.52
nan
48.9599
58.0267
-39.8934
-39.8933
3.62661
45.3333
36.2667
-34.4533
-43.52
nan
49.3199
58.4534
-40.1867
-40.1867
3.65334
45.6667
36.5333
-34.7066
-43.84
nan
49.3199
58.4534
-40.1867
-40.1867
3.65334
45.6667
36.5333
-34.7066
-43.84
nan
49.3199
58.4534
-40.1867
-40.1867
3.65334
45.6667
36.5333
-34.7066
-43.84
nan
49.3199
58.4534
-40.1867
-40.1867
3.65334
45.6667
36.5333
-34.7066
-43.84
nan
49.3199
58.4534
-40.1867
-40.1867
3.65334
45.6667
36.5333
-34.7066
-43.84
nan
49.3199
58.4534
-40.1867
-40.1867
3.65334
45.6667
36.5333
-34.7066
-43.84
nan
49.3199
58.4534
-40.1867
-40.1867
3.65334
45.6667
36.5333
-34.7066
-43.84
nan
49.3199
58.4534
-40.1867
-40.1867
3.65334
45.6667
36.5333
-34.7066
-43.84
nan
49.3199
58.4534
-40.1867
-40.1867
3.65334
45.6667
36.5333
-34.7066
-43.84
nan
49.3199
58.4534
-40.1867
-40.1867
3.65334
45.6667
36.5333
-34.7066
-43.84
nan
49.3199
58.4534
-40.1867
-40.1867
3.65334
45.6667
36.5333
-34.7066
-43.84
nan
49.3199
58.4534
-40.1867
-40.1867
3.65334
45.6667
36.5333
-34.7066
-43.84
nan
49.3199
58.4534
-40.1867
-40.1867
3.65334
45.6667
36.5333
-34.7066
-43.84
nan
49.3199
58.4534
-40.1867
-40.1867
3.65334
45.6667
36.5333
-34.7066
-43.84
nan
49.3199
58.4534
-40.1867
-40.1867
3.65334
45.6667
36.5333
-34.7066
-43.84
nan
49.3199
58.4534
-40.1867
-40.1867
3.65334
45.6667
36.5333
-34.7066
-43.84
nan
49.6799
58.88
-40.48
-40.48
3.68004
46
36.8
-34.96
-44.16
nan
49.6799
58.88
-40.48
-40.48
3.68004
46
36.8
-34.96
-44.16
nan
49.6799
58.88
-40.48
-40.48
3.68004
46
36.8
-34.96
-44.16
nan
49.6799
58.88
-40.48
-40.48
3.68004
46
36.8
-34.96
-44.16
nan
49.6799
58.88
-40.48
-40.48
3.68004
46
36.8
-34.96
-44.16
nan
50.0399
59.3067
-40.7734
-40.7733
3.70666
46.3333
37.0667
-35.2133
-44.48
nan
50.0399
59.3067
-40.7734
-40.7733
3.70666
46.3333
37.0667
-35.2133
-44.48
nan
50.3999
59.7334
-41.0667
-41.0666
3.73334
46.6667
37.3333
-35.4666
-44.8
nan
50.3999
59.7334
-41.0667
-41.0666
3.73334
46.6667
37.3333
-35.4666
-44.8
nan
50.3999
59.7334
-41.0667
-41.0666
3.73334
46.6667
37.3333
-35.4666
-44.8
nan
50.3999
59.7334
-41.0667
-41.0666
3.73334
46.6667
37.3333
-35.4666
-44.8
nan
50.7599
60.16
-41.36
-41.36
3.76
47
37.6
-35.72
-45.12
nan
51.1199
60.5867
-41.6533
-41.6533
3.78667
47.3334
37.8667
-35.9733
-45.44
nan
51.1199
60.5867
-41.6533
-41.6533
3.78667
47.3334
37.8667
-35.9733
-45.44
nan
51.4799
61.0134
-41.9467
-41.9467
3.81331
47.6667
38.1333
-36.2266
-45.76
nan
51.4799
61.0134
-41.9467
-41.9467
3.81331
47.6667
38.1333
-36.2266
-45.76
nan
51.4799
61.0134
-41.9467
-41.9467
3.81331
47.6667
38.1333
-36.2266
-45.76
nan
51.8399
61.44
-42.24
-42.24
3.84002
48
38.4
-36.4799
-46.08
nan
51.8399
61.44
-42.24
-42.24
3.84002
48
38.4
-36.4799
-46.08
nan
51.8399
61.44
-42.24
-42.24
3.84002
48
38.4
-36.4799
-46.08
nan
51.8399
61.44
-42.24
-42.24
3.84002
48
38.4
-36.4799
-46.08
nan
52.1999
61.8667
-42.5333
-42.5333
3.86665
48.3334
38.6667
-36.7333
-46.4
nan
52.5599
62.2934
-42.8267
-42.8266
3.8933
48.6667
38.9333
-36.9866
-46.72
nan
52.5599
62.2934
-42.8267
-42.8266
3.8933
48.6667
38.9333
-36.9866
-46.72
nan
52.5599
62.2934
-42.8267
-42.8266
3.8933
48.6667
38.9333
-36.9866
-46.72
nan
52.5599
62.2934
-42.8267
-42.8266
3.8933
48.6667
38.9333
-36.9866
-46.72
nan
52.5599
62.2934
-42.8267
-42.8266
3.8933
48.6667
38.9333
-36.9866
-46.72
nan
52.5599
62.2934
-42.8267
-42.8266
3.8933
48.6667
38.9333
-36.9866
-46.72
nan
52.5599
62.2934
-42.8267
-42.8266
3.8933
48.6667
38.9333
-36.9866
-46.72
nan
52.9199
62.72
-43.12
-43.12
3.92001
49
39.2
-37.2399
-47.04
nan
53.2799
63.1467
-43.4133
-43.4133
3.94665
49.3334
39.4667
-37.4933
-47.36
nan
53.6399
63.5734
-43.7067
-43.7066
3.97335
49.6667
39.7333
-37.7466
-47.68
nan
53.6399
63.5734
-43.7067
-43.7066
3.97335
49.6667
39.7333
-37.7466
-47.68
nan
53.6399
63.5734
-43.7067
-43.7066
3.97335
49.6667
39.7333
-37.7466
-47.68
nan
53.6399
63.5734
-43.7067
-43.7066
3.97335
49.6667
39.7333
-37.7466
-47.68
nan
53.6399
63.5734
-43.7067
-43.7066
3.97335
49.6667
39.7333
-37.7466
-47.68
nan
53.9999
64
-44
-44
3.99998
50
40
-38
-48
nan
54.3599
64.4267
-44.2933
-44.2933
4.02667
50.3334
40.2667
-38.2533
-48.32
nan
54.3599
64.4267
-44.2933
-44.2933
4.02667
50.3334
40.2667
-38.2533
-48.32
nan
54.3599
64.4267
-44.2933
-44.2933
4.02667
50.3334
40.2667
-38.2533
-48.32
nan
54.3599
64.4267
-44.2933
-44.2933
4.02667
50.3334
40.2667
-38.2533
-48.32
nan
54.3599
64.4267
-44.2933
-44.2933
4.02667
50.3334
40.2667
-38.2533
-48.32
nan
54.3599
64.4267
-44.2933
-44.2933
4.02667
50.3334
40.2667
-38.2533
-48.32
nan
54.3599
64.4267
-44.2933
-44.2933
4.02667
50.3334
40.2667
-38.2533
-48.32
nan
54.7199
64.8534
-44.5867
-44.5867
4.05333
50.6667
40.5333
-38.5066
-48.64
nan
55.0799
65.28
-44.88
-44.88
4.08001
51
40.8
-38.7599
-48.96
nan
55.0799
65.28
-44.88
-44.88
4.08001
51
40.8
-38.7599
-48.96
nan
55.4399
65.7067
-45.1733
-45.1733
4.1067
51.3334
41.0667
-39.0133
-49.28
nan
55.7999
66.1334
-45.4667
-45.4667
4.13332
51.6667
41.3333
-39.2666
-49.6
nan
55.7999
66.1334
-45.4667
-45.4667
4.13332
51.6667
41.3333
-39.2666
-49.6
nan
55.7999
66.1334
-45.4667
-45.4667
4.13332
51.6667
41.3333
-39.2666
-49.6
nan
56.1599
66.56
-45.76
-45.76
4.16001
52
41.6
-39.5199
-49.92
nan
56.1599
66.56
-45.76
-45.76
4.16001
52
41.6
-39.5199
-49.92
nan
56.5199
66.9867
-46.0533
-46.0533
4.18666
52.3334
41.8667
-39.7733
-50.24
nan
56.8799
67.4134
-46.3467
-46.3467
4.21333
52.6667
42.1333
-40.0266
-50.56
nan
56.8799
67.4134
-46.3467
-46.3467
4.21333
52.6667
42.1333
-40.0266
-50.56
nan
56.8799
67.4134
-46.3467
-46.3467
4.21333
52.6667
42.1333
-40.0266
-50.56
nan
56.8799
67.4134
-46.3467
-46.3467
4.21333
52.6667
42.1333
-40.0266
-50.56
nan
56.8799
67.4134
-46.3467
-46.3467
4.21333
52.6667
42.1333
-40.0266
-50.56
nan
56.8799
67.4134
-46.3467
-46.3467
4.21333
52.6667
42.1333
-40.0266
-50.56
nan
56.8799
67.4134
-46.3467
-46.3467
4.21333
52.6667
42.1333
-40.0266
-50.56
nan
56.8799
67.4134
-46.3467
-46.3467
4.21333
52.6667
42.1333
-40.0266
-50.56
nan
56.8799
67.4134
-46.3467
-46.3467
4.21333
52.6667
42.1333
-40.0266
-50.56
nan
57.2399
67.84
-46.64
-46.64
4.23998
53
42.4
-40.28
-50.88
nan
57.2399
67.84
-46.64
-46.64
4.23998
53
42.4
-40.28
-50.88
nan
57.5999
68.2667
-46.9333
-46.9333
4.26668
53.3334
42.6667
-40.5333
-51.2
nan
57.5999
68.2667
-46.9333
-46.9333
4.26668
53.3334
42.6667
-40.5333
-51.2
nan
57.5999
68.2667
-46.9333
-46.9333
4.26668
53.3334
42.6667
-40.5333
-51.2
nan
57.9599
68.6934
-47.2267
-47.2267
4.29332
53.6667
42.9333
-40.7866
-51.52
nan
57.9599
68.6934
-47.2267
-47.2267
4.29332
53.6667
42.9333
-40.7866
-51.52
nan
57.9599
68.6934
-47.2267
-47.2267
4.29332
53.6667
42.9333
-40.7866
-51.52
nan
57.9599
68.6934
-47.2267
-47.2267
4.29332
53.6667
42.9333
-40.7866
-51.52
nan
57.9599
68.6934
-47.2267
-47.2267
4.29332
53.6667
42.9333
-40.7866
-51.52
nan
57.9599
68.6934
-47.2267
-47.2267
4.29332
53.6667
42.9333
-40.7866
-51.52
nan
57.9599
68.6934
-47.2267
-47.2267
4.29332
53.6667
42.9333
-40.7866
-51.52
nan
57.9599
68.6934
-47.2267
-47.2267
4.29332
53.6667
42.9333
-40.7866
-51.52
nan
57.9599
68.6934
-47.2267
-47.2267
4.29332
53.6667
42.9333
-40.7866
-51.52
nan
57.9599
68.6934
-47.2267
-47.2267
4.29332
53.6667
42.9333
-40.7866
-51.52
nan
57.9599
68.6934
-47.2267
-47.2267
4.29332
53.6667
42.9333
-40.7866
-51.52
nan
58.3199
69.12
-47.52
-47.52
4.32001
54
43.2
-41.0399
-51.84
nan
58.6799
69.5467
-47.8134
-47.8133
4.34668
54.3334
43.4667
-41.2933
-52.16
nan
58.6799
69.5467
-47.8134
-47.8133
4.34668
54.3334
43.4667
-41.2933
-52.16
nan
58.6799
69.5467
-47.8134
-47.8133
4.34668
54.3334
43.4667
-41.2933
-52.16
nan
58.6799
69.5467
-47.8134
-47.8133
4.34668
54.3334
43.4667
-41.2933
-52.16
nan
59.0399
69.9734
-48.1067
-48.1067
4.37336
54.6667
43.7333
-41.5466
-52.48
nan
59.0399
69.9734
-48.1067
-48.1067
4.37336
54.6667
43.7333
-41.5466
-52.48
nan
59.0399
69.9734
-48.1067
-48.1067
4.37336
54.6667
43.7333
-41.5466
-52.48
nan
59.0399
69.9734
-48.1067
-48.1067
4.37336
54.6667
43.7333
-41.5466
-52.48
nan
59.3999
70.4001
-48.4
-48.4
4.40002
55
44
-41.7999
-52.8
nan
59.7599
70.8267
-48.6934
-48.6933
4.42665
55.3334
44.2667
-42.0533
-53.12
nan
60.1199
71.2534
-48.9867
-48.9867
4.45333
55.6667
44.5333
-42.3066
-53.44
nan
60.1199
71.2534
-48.9867
-48.9867
4.45333
55.6667
44.5333
-42.3066
-53.44
nan
60.4799
71.68
-49.28
-49.28
4.48
56
44.8
-42.5599
-53.76
nan
60.8399
72.1067
-49.5734
-49.5733
4.50667
56.3333
45.0667
-42.8133
-54.08
nan
60.8399
72.1067
-49.5734
-49.5733
4.50667
56.3333
45.0667
-42.8133
-54.08
nan
60.8399
72.1067
-49.5734
-49.5733
4.50667
56.3333
45.0667
-42.8133
-54.08
nan
61.1999
72.5334
-49.8667
-49.8667
4.53337
56.6667
45.3333
-43.0666
-54.4
nan
61.1999
72.5334
-49.8667
-49.8667
4.53337
56.6667
45.3333
-43.0666
-54.4
nan
61.1999
72.5334
-49.8667
-49.8667
4.53337
56.6667
45.3333
-43.0666
-54.4
nan
61.1999
72.5334
-49.8667
-49.8667
4.53337
56.6667
45.3333
-43.0666
-54.4
nan
61.1999
72.5334
-49.8667
-49.8667
4.53337
56.6667
45.3333
-43.0666
-54.4
nan
61.1999
72.5334
-49.8667
-49.8667
4.53337
56.6667
45.3333
-43.0666
-54.4
nan
61.5599
72.9601
-50.16
-50.16
4.55995
57
45.6
-43.32
-54.72
nan
61.5599
72.9601
-50.16
-50.16
4.55995
57
45.6
-43.32
-54.72
nan
61.5599
72.9601
-50.16
-50.16
4.55995
57
45.6
-43.32
-54.72
nan
61.5599
72.9601
-50.16
-50.16
4.55995
57
45.6
-43.32
-54.72
nan
61.9199
73.3867
-50.4534
-50.4533
4.58668
57.3334
45.8667
-43.5733
-55.04
nan
62.2799
73.8134
-50.7467
-50.7467
4.61337
57.6667
46.1333
-43.8266
-55.36
nan
62.2799
73.8134
-50.7467
-50.7467
4.61337
57.6667
46.1333
-43.8266
-55.36
nan
62.2799
73.8134
-50.7467
-50.7467
4.61337
57.6667
46.1333
-43.8266
-55.36
nan
62.2799
73.8134
-50.7467
-50.7467
4.61337
57.6667
46.1333
-43.8266
-55.36
nan
62.2799
73.8134
-50.7467
-50.7467
4.61337
57.6667
46.1333
-43.8266
-55.36
nan
62.2799
73.8134
-50.7467
-50.7467
4.61337
57.6667
46.1333
-43.8266
-55.36
nan
62.2799
73.8134
-50.7467
-50.7467
4.61337
57.6667
46.1333
-43.8266
-55.36
nan
62.2799
73.8134
-50.7467
-50.7467
4.61337
57.6667
46.1333
-43.8266
-55.36
nan
62.2799
73.8134
-50.7467
-50.7467
4.61337
57.6667
46.1333
-43.8266
-55.36
nan
62.2799
73.8134
-50.7467
-50.7467
4.61337
57.6667
46.1333
-43.8266
-55.36
nan
62.2799
73.8134
-50.7467
-50.7467
4.61337
57.6667
46.1333
-43.8266
-55.36
nan
62.6399
74.24
-51.04
-51.04
4.64001
58
46.4
-44.0799
-55.68
nan
62.6399
74.24
-51.04
-51.04
4.64001
58
46.4
-44.0799
-55.68
nan
62.6399
74.24
-51.04
-51.04
4.64001
58
46.4
-44.0799
-55.68
nan
62.9999
74.6667
-51.3334
-51.3333
4.66665
58.3334
46.6667
-44.3333
-56
nan
63.3599
75.0934
-51.6267
-51.6266
4.69336
58.6667
46.9333
-44.5866
-56.32
nan
63.7199
75.5201
-51.92
-51.92
4.72003
59
47.2
-44.8399
-56.64
nan
63.7199
75.5201
-51.92
-51.92
4.72003
59
47.2
-44.8399
-56.64
nan
63.7199
75.5201
-51.92
-51.92
4.72003
59
47.2
-44.8399
-56.64
nan
63.7199
75.5201
-51.92
-51.92
4.72003
59
47.2
-44.8399
-56.64
nan
63.7199
75.5201
-51.92
-51.92
4.72003
59
47.2
-44.8399
-56.64
nan
64.0799
75.9467
-52.2134
-52.2133
4.74673
59.3334
47.4667
-45.0933
-56.96
nan
64.0799
75.9467
-52.2134
-52.2133
4.74673
59.3334
47.4667
-45.0933
-56.96
nan
64.4399
76.3734
-52.5067
-52.5066
4.77331
59.6667
47.7333
-45.3466
-57.28
nan
64.4399
76.3734
-52.5067
-52.5066
4.77331
59.6667
47.7333
-45.3466
-57.28
nan
64.7999
76.8001
-52.8
-52.8
4.80004
60
48
-45.5999
-57.6
nan
64.7999
76.8001
-52.8
-52.8
4.80004
60
48
-45.5999
-57.6
nan
65.1599
77.2267
-53.0934
-53.0933
4.82666
60.3334
48.2667
-45.8533
-57.92
nan
65.5199
77.6534
-53.3867
-53.3867
4.85333
60.6667
48.5333
-46.1066
-58.24
nan
65.5199
77.6534
-53.3867
-53.3867
4.85333
60.6667
48.5333
-46.1066
-58.24
nan
65.5199
77.6534
-53.3867
-53.3867
4.85333
60.6667
48.5333
-46.1066
-58.24
nan
65.8799
78.08
-53.68
-53.68
4.88002
61
48.8
-46.3599
-58.56
nan
66.2399
78.5067
-53.9734
-53.9733
4.90668
61.3334
49.0667
-46.6133
-58.88
nan
66.2399
78.5067
-53.9734
-53.9733
4.90668
61.3334
49.0667
-46.6133
-58.88
nan
66.2399
78.5067
-53.9734
-53.9733
4.90668
61.3334
49.0667
-46.6133
-58.88
nan
66.5999
78.9334
-54.2667
-54.2666
4.93332
61.6667
49.3333
-46.8666
-59.2
nan
66.5999
78.9334
-54.2667
-54.2666
4.93332
61.6667
49.3333
-46.8666
-59.2
nan
66.5999
78.9334
-54.2667
-54.2666
4.93332
61.6667
49.3333
-46.8666
-59.2
nan
66.5999
78.9334
-54.2667
-54.2666
4.93332
61.6667
49.3333
-46.8666
-59.2
nan
66.5999
78.9334
-54.2667
-54.2666
4.93332
61.6667
49.3333
-46.8666
-59.2
nan
66.9599
79.3601
-54.56
-54.56
4.96002
62
49.6
-47.1199
-59.52
nan
67.3199
79.7867
-54.8534
-54.8533
4.98668
62.3333
49.8667
-47.3733
-59.84
nan
67.3199
79.7867
-54.8534
-54.8533
4.98668
62.3333
49.8667
-47.3733
-59.84
nan
67.3199
79.7867
-54.8534
-54.8533
4.98668
62.3333
49.8667
-47.3733
-59.84
nan
67.6799
80.2134
-55.1467
-55.1466
5.01337
62.6667
50.1333
-47.6266
-60.16
nan
67.6799
80.2134
-55.1467
-55.1466
5.01337
62.6667
50.1333
-47.6266
-60.16
nan
68.0399
80.64
-55.44
-55.44
5.04003
63
50.4
-47.8799
-60.48
nan
68.0399
80.64
-55.44
-55.44
5.04003
63
50.4
-47.8799
-60.48
nan
68.0399
80.64
-55.44
-55.44
5.04003
63
50.4
-47.8799
-60.48
nan
68.0399
80.64
-55.44
-55.44
5.04003
63
50.4
-47.8799
-60.48
nan
68.0399
80.64
-55.44
-55.44
5.04003
63
50.4
-47.8799
-60.48
nan
68.0399
80.64
-55.44
-55.44
5.04003
63
50.4
-47.8799
-60.48
nan
68.3999
81.0667
-55.7334
-55.7333
5.06666
63.3334
50.6667
-48.1333
-60.8
nan
68.7599
81.4934
-56.0267
-56.0266
5.09335
63.6667
50.9333
-48.3866
-61.12
nan
69.1199
81.9201
-56.32
-56.32
5.11998
64
51.2
-48.6399
-61.44
nan
69.4799
82.3467
-56.6134
-56.6133
5.14666
64.3334
51.4667
-48.8933
-61.76
nan
69.8399
82.7734
-56.9067
-56.9066
5.17335
64.6667
51.7333
-49.1466
-62.08
nan
69.8399
82.7734
-56.9067
-56.9066
5.17335
64.6667
51.7333
-49.1466
-62.08
nan
70.1999
83.2001
-57.2
-57.2
5.20003
65
52
-49.3999
-62.4
nan
70.1999
83.2001
-57.2
-57.2
5.20003
65
52
-49.3999
-62.4
nan
70.1999
83.2001
-57.2
-57.2
5.20003
65
52
-49.3999
-62.4
nan
70.1999
83.2001
-57.2
-57.2
5.20003
65
52
-49.3999
-62.4
nan
70.1999
83.2001
-57.2
-57.2
5.20003
65
52
-49.3999
-62.4
nan
70.5599
83.6267
-57.4934
-57.4933
5.22667
65.3333
52.2667
-49.6533
-62.72
nan
70.5599
83.6267
-57.4934
-57.4933
5.22667
65.3333
52.2667
-49.6533
-62.72
nan
70.5599
83.6267
-57.4934
-57.4933
5.22667
65.3333
52.2667
-49.6533
-62.72
nan
70.9199
84.0534
-57.7867
-57.7866
5.25333
65.6667
52.5333
-49.9066
-63.04
nan
70.9199
84.0534
-57.7867
-57.7866
5.25333
65.6667
52.5333
-49.9066
-63.04
nan
71.2799
84.4801
-58.08
-58.08
5.28005
66
52.8
-50.1599
-63.36
nan
71.6399
84.9067
-58.3734
-58.3733
5.30666
66.3334
53.0667
-50.4133
-63.68
nan
71.6399
84.9067
-58.3734
-58.3733
5.30666
66.3334
53.0667
-50.4133
-63.68
nan
71.9999
85.3334
-58.6667
-58.6666
5.33337
66.6667
53.3333
-50.6666
-64
nan
71.9999
85.3334
-58.6667
-58.6666
5.33337
66.6667
53.3333
-50.6666
-64
nan
71.9999
85.3334
-58.6667
-58.6666
5.33337
66.6667
53.3333
-50.6666
-64
nan
71.9999
85.3334
-58.6667
-58.6666
5.33337
66.6667
53.3333
-50.6666
-64
nan
71.9999
85.3334
-58.6667
-58.6666
5.33337
66.6667
53.3333
-50.6666
-64
nan
71.9999
85.3334
-58.6667
-58.6666
5.33337
66.6667
53.3333
-50.6666
-64
nan
71.9999
85.3334
-58.6667
-58.6666
5.33337
66.6667
53.3333
-50.6666
-64
nan
71.9999
85.3334
-58.6667
-58.6666
5.33337
66.6667
53.3333
-50.6666
-64
nan
71.9999
85.3334
-58.6667
-58.6666
5.33337
66.6667
53.3333
-50.6666
-64
nan
71.9999
85.3334
-58.6667
-58.6666
5.33337
66.6667
53.3333
-50.6666
-64
nan
72.3599
85.7601
-58.96
-58.96
5.35997
67
53.6
-50.9199
-64.32
nan
72.7199
86.1867
-59.2534
-59.2533
5.38667
67.3334
53.8667
-51.1733
-64.64
nan
72.7199
86.1867
-59.2534
-59.2533
5.38667
67.3334
53.8667
-51.1733
-64.64
nan
73.0799
86.6134
-59.5467
-59.5466
5.41331
67.6667
54.1333
-51.4266
-64.96
nan
73.0799
86.6134
-59.5467
-59.5466
5.41331
67.6667
54.1333
-51.4266
-64.96
nan
73.0799
86.6134
-59.5467
-59.5466
5.41331
67.6667
54.1333
-51.4266
-64.96
nan
73.0799
86.6134
-59.5467
-59.5466
5.41331
67.6667
54.1333
-51.4266
-64.96
nan
73.4399
87.0401
-59.84
-59.84
5.44003
68
54.4
-51.6799
-65.28
nan
73.4399
87.0401
-59.84
-59.84
5.44003
68
54.4
-51.6799
-65.28
nan
73.4399
87.0401
-59.84
-59.84
5.44003
68
54.4
-51.6799
-65.28
nan
73.4399
87.0401
-59.84
-59.84
5.44003
68
54.4
-51.6799
-65.28
nan
73.4399
87.0401
-59.84
-59.84
5.44003
68
54.4
-51.6799
-65.28
nan
73.7999
87.4667
-60.1334
-60.1333
5.46669
68.3334
54.6667
-51.9333
-65.6
nan
73.7999
87.4667
-60.1334
-60.1333
5.46669
68.3334
54.6667
-51.9333
-65.6
nan
73.7999
87.4667
-60.1334
-60.1333
5.46669
68.3334
54.6667
-51.9333
-65.6
nan
73.7999
87.4667
-60.1334
-60.1333
5.46669
68.3334
54.6667
-51.9333
-65.6
nan
74.1599
87.8934
-60.4267
-60.4266
5.4933
68.6667
54.9333
-52.1866
-65.92
nan
74.1599
87.8934
-60.4267
-60.4266
5.4933
68.6667
54.9333
-52.1866
-65.92
nan
74.1599
87.8934
-60.4267
-60.4266
5.4933
68.6667
54.9333
-52.1866
-65.92
nan
74.5199
88.3201
-60.72
-60.72
5.52002
69
55.2
-52.4399
-66.24
nan
74.5199
88.3201
-60.72
-60.72
5.52002
69
55.2
-52.4399
-66.24
nan
74.5199
88.3201
-60.72
-60.72
5.52002
69
55.2
-52.4399
-66.24
nan
74.5199
88.3201
-60.72
-60.72
5.52002
69
55.2
-52.4399
-66.24
nan
74.8799
88.7467
-61.0134
-61.0133
5.54669
69.3334
55.4667
-52.6933
-66.56
nan
75.2399
89.1734
-61.3067
-61.3066
5.57334
69.6667
55.7333
-52.9466
-66.88
nan
75.2399
89.1734
-61.3067
-61.3066
5.57334
69.6667
55.7333
-52.9466
-66.88
nan
75.2399
89.1734
-61.3067
-61.3066
5.57334
69.6667
55.7333
-52.9466
-66.88
nan
75.2399
89.1734
-61.3067
-61.3066
5.57334
69.6667
55.7333
-52.9466
-66.88
nan
75.5999
89.6001
-61.6
-61.6
5.59997
70
56
-53.1999
-67.2
nan
75.5999
89.6001
-61.6
-61.6
5.59997
70
56
-53.1999
-67.2
nan
75.5999
89.6001
-61.6
-61.6
5.59997
70
56
-53.1999
-67.2
nan
75.9599
90.0267
-61.8934
-61.8933
5.62668
70.3334
56.2667
-53.4533
-67.52
nan
75.9599
90.0267
-61.8934
-61.8933
5.62668
70.3334
56.2667
-53.4533
-67.52
nan
75.9599
90.0267
-61.8934
-61.8933
5.62668
70.3334
56.2667
-53.4533
-67.52
nan
75.9599
90.0267
-61.8934
-61.8933
5.62668
70.3334
56.2667
-53.4533
-67.52
nan
76.3199
90.4534
-62.1867
-62.1866
5.65336
70.6667
56.5333
-53.7066
-67.84
nan
76.3199
90.4534
-62.1867
-62.1866
5.65336
70.6667
56.5333
-53.7066
-67.84
nan
76.6799
90.8801
-62.48
-62.48
5.68003
71
56.8
-53.9599
-68.16
nan
77.0399
91.3067
-62.7733
-62.7733
5.70667
71.3334
57.0667
-54.2133
-68.48
nan
77.0399
91.3067
-62.7733
-62.7733
5.70667
71.3334
57.0667
-54.2133
-68.48
nan
77.0399
91.3067
-62.7733
-62.7733
5.70667
71.3334
57.0667
-54.2133
-68.48
nan
77.3999
91.7334
-63.0667
-63.0666
5.73333
71.6667
57.3333
-54.4666
-68.8
nan
77.3999
91.7334
-63.0667
-63.0666
5.73333
71.6667
57.3333
-54.4666
-68.8
nan
77.7599
92.1601
-63.36
-63.36
5.76
72
57.6
-54.7199
-69.12
nan
78.1199
92.5867
-63.6534
-63.6533
5.78665
72.3334
57.8667
-54.9733
-69.44
nan
78.1199
92.5867
-63.6534
-63.6533
5.78665
72.3334
57.8667
-54.9733
-69.44
nan
78.1199
92.5867
-63.6534
-63.6533
5.78665
72.3334
57.8667
-54.9733
-69.44
nan
78.4799
93.0134
-63.9467
-63.9466
5.81335
72.6667
58.1334
-55.2266
-69.76
nan
78.4799
93.0134
-63.9467
-63.9466
5.81335
72.6667
58.1334
-55.2266
-69.76
nan
78.8399
93.4401
-64.24
-64.24
5.84003
73
58.4
-55.4799
-70.08
nan
78.8399
93.4401
-64.24
-64.24
5.84003
73
58.4
-55.4799
-70.08
nan
78.8399
93.4401
-64.24
-64.24
5.84003
73
58.4
-55.4799
-70.08
nan
79.1999
93.8667
-64.5334
-64.5333
5.86665
73.3334
58.6667
-55.7333
-70.4
nan
79.5599
94.2934
-64.8267
-64.8266
5.89332
73.6667
58.9333
-55.9866
-70.72
nan
79.5599
94.2934
-64.8267
-64.8266
5.89332
73.6667
58.9333
-55.9866
-70.72
nan
79.9199
94.7201
-65.12
-65.12
5.92
74
59.2
-56.2399
-71.04
nan
79.9199
94.7201
-65.12
-65.12
5.92
74
59.2
-56.2399
-71.04
nan
79.9199
94.7201
-65.12
-65.12
5.92
74
59.2
-56.2399
-71.04
nan
80.2799
95.1467
-65.4134
-65.4133
5.94666
74.3334
59.4667
-56.4933
-71.36
nan
80.2799
95.1467
-65.4134
-65.4133
5.94666
74.3334
59.4667
-56.4933
-71.36
nan
80.2799
95.1467
-65.4134
-65.4133
5.94666
74.3334
59.4667
-56.4933
-71.36
nan
80.2799
95.1467
-65.4134
-65.4133
5.94666
74.3334
59.4667
-56.4933
-71.36
nan
80.6399
95.5734
-65.7067
-65.7066
5.97333
74.6667
59.7333
-56.7466
-71.68
nan
80.6399
95.5734
-65.7067
-65.7066
5.97333
74.6667
59.7333
-56.7466
-71.68
nan
80.6399
95.5734
-65.7067
-65.7066
5.97333
74.6667
59.7333
-56.7466
-71.68
nan
80.6399
95.5734
-65.7067
-65.7066
5.97333
74.6667
59.7333
-56.7466
-71.68
nan
80.6399
95.5734
-65.7067
-65.7066
5.97333
74.6667
59.7333
-56.7466
-71.68
nan
80.6399
95.5734
-65.7067
-65.7066
5.97333
74.6667
59.7333
-56.7466
-71.68
nan
80.6399
95.5734
-65.7067
-65.7066
5.97333
74.6667
59.7333
-56.7466
-71.68
nan
80.6399
95.5734
-65.7067
-65.7066
5.97333
74.6667
59.7333
-56.7466
-71.68
nan
80.9999
96.0001
-66
-66
5.99999
75
60
-56.9999
-72
nan
80.9999
96.0001
-66
-66
5.99999
75
60
-56.9999
-72
nan
80.9999
96.0001
-66
-66
5.99999
75
60
-56.9999
-72
nan
81.3599
96.4267
-66.2934
-66.2933
6.02665
75.3334
60.2667
-57.2533
-72.32
nan
81.3599
96.4267
-66.2934
-66.2933
6.02665
75.3334
60.2667
-57.2533
-72.32
nan
81.7199
96.8534
-66.5867
-66.5866
6.0533
75.6667
60.5333
-57.5066
-72.64
nan
82.0799
97.2801
-66.88
-66.88
6.07999
76
60.8
-57.7599
-72.96
nan
82.0799
97.2801
-66.88
-66.88
6.07999
76
60.8
-57.7599
-72.96
nan
82.4399
97.7067
-67.1734
-67.1733
6.10663
76.3334
61.0667
-58.0133
-73.28
nan
82.4399
97.7067
-67.1734
-67.1733
6.10663
76.3334
61.0667
-58.0133
-73.28
nan
82.4399
97.7067
-67.1734
-67.1733
6.10663
76.3334
61.0667
-58.0133
-73.28
nan
82.7999
98.1334
-67.4667
-67.4666
6.13335
76.6667
61.3333
-58.2666
-73.6
nan
83.1599
98.5601
-67.76
-67.76
6.16001
77
61.6
-58.5199
-73.92
nan
83.5199
98.9867
-68.0534
-68.0533
6.18669
77.3333
61.8667
-58.7733
-74.24
nan
83.5199
98.9867
-68.0534
-68.0533
6.18669
77.3333
61.8667
-58.7733
-74.24
nan
83.8799
99.4134
-68.3467
-68.3466
6.21331
77.6667
62.1333
-59.0266
-74.56
nan
84.2399
99.8401
-68.64
-68.64
6.24001
78
62.4
-59.2799
-74.88
nan
84.5999
100.267
-68.9334
-68.9333
6.2667
78.3334
62.6667
-59.5333
-75.2
nan
84.5999
100.267
-68.9334
-68.9333
6.2667
78.3334
62.6667
-59.5333
-75.2
nan
84.5999
100.267
-68.9334
-68.9333
6.2667
78.3334
62.6667
-59.5333
-75.2
nan
84.5999
100.267
-68.9334
-68.9333
6.2667
78.3334
62.6667
-59.5333
-75.2
nan
84.5999
100.267
-68.9334
-68.9333
6.2667
78.3334
62.6667
-59.5333
-75.2
nan
84.5999
100.267
-68.9334
-68.9333
6.2667
78.3334
62.6667
-59.5333
-75.2
nan
84.5999
100.267
-68.9334
-68.9333
6.2667
78.3334
62.6667
-59.5333
-75.2
nan
84.5999
100.267
-68.9334
-68.9333
6.2667
78.3334
62.6667
-59.5333
-75.2
nan
84.5999
100.267
-68.9334
-68.9333
6.2667
78.3334
62.6667
-59.5333
-75.2
nan
84.5999
100.267
-68.9334
-68.9333
6.2667
78.3334
62.6667
-59.5333
-75.2
nan
84.5999
100.267
-68.9334
-68.9333
6.2667
78.3334
62.6667
-59.5333
-75.2
nan
84.5999
100.267
-68.9334
-68.9333
6.2667
78.3334
62.6667
-59.5333
-75.2
nan
84.5999
100.267
-68.9334
-68.9333
6.2667
78.3334
62.6667
-59.5333
-75.2
nan
84.5999
100.267
-68.9334
-68.9333
6.2667
78.3334
62.6667
-59.5333
-75.2
nan
84.5999
100.267
-68.9334
-68.9333
6.2667
78.3334
62.6667
-59.5333
-75.2
nan
84.5999
100.267
-68.9334
-68.9333
6.2667
78.3334
62.6667
-59.5333
-75.2
nan
84.5999
100.267
-68.9334
-68.9333
6.2667
78.3334
62.6667
-59.5333
-75.2
nan
84.5999
100.267
-68.9334
-68.9333
6.2667
78.3334
62.6667
-59.5333
-75.2
nan
84.9599
100.693
-69.2267
-69.2266
6.29333
78.6667
62.9333
-59.7866
-75.52
nan
84.9599
100.693
-69.2267
-69.2266
6.29333
78.6667
62.9333
-59.7866
-75.52
nan
84.9599
100.693
-69.2267
-69.2266
6.29333
78.6667
62.9333
-59.7866
-75.52
nan
84.9599
100.693
-69.2267
-69.2266
6.29333
78.6667
62.9333
-59.7866
-75.52
nan
85.3199
101.12
-69.52
-69.52
6.32
79
63.2
-60.0399
-75.84
nan
85.3199
101.12
-69.52
-69.52
6.32
79
63.2
-60.0399
-75.84
nan
85.6799
101.547
-69.8134
-69.8133
6.34665
79.3334
63.4667
-60.2933
-76.16
nan
86.0399
101.973
-70.1067
-70.1066
6.37335
79.6667
63.7334
-60.5466
-76.48
nan
86.0399
101.973
-70.1067
-70.1066
6.37335
79.6667
63.7334
-60.5466
-76.48
nan
86.3999
102.4
-70.4
-70.4
6.4
80
64
-60.7999
-76.8
nan
86.3999
102.4
-70.4
-70.4
6.4
80
64
-60.7999
-76.8
nan
86.3999
102.4
-70.4
-70.4
6.4
80
64
-60.7999
-76.8
nan
86.3999
102.4
-70.4
-70.4
6.4
80
64
-60.7999
-76.8
nan
86.3999
102.4
-70.4
-70.4
6.4
80
64
-60.7999
-76.8
nan
86.7599
102.827
-70.6934
-70.6933
6.42666
80.3334
64.2667
-61.0533
-77.12
nan
87.1199
103.253
-70.9867
-70.9866
6.45333
80.6667
64.5333
-61.3066
-77.44
nan
87.4799
103.68
-71.28
-71.28
6.47999
81
64.8
-61.5599
-77.76
nan
87.8399
104.107
-71.5734
-71.5733
6.50665
81.3333
65.0667
-61.8133
-78.08
nan
87.8399
104.107
-71.5734
-71.5733
6.50665
81.3333
65.0667
-61.8133
-78.08
nan
88.1999
104.533
-71.8667
-71.8666
6.53333
81.6667
65.3333
-62.0666
-78.4
nan
88.1999
104.533
-71.8667
-71.8666
6.53333
81.6667
65.3333
-62.0666
-78.4
nan
88.5599
104.96
-72.16
-72.16
6.55999
82
65.6
-62.3199
-78.72
nan
88.5599
104.96
-72.16
-72.16
6.55999
82
65.6
-62.3199
-78.72
nan
88.9199
105.387
-72.4534
-72.4533
6.58666
82.3333
65.8667
-62.5733
-79.04
nan
88.9199
105.387
-72.4534
-72.4533
6.58666
82.3333
65.8667
-62.5733
-79.04
nan
89.2799
105.813
-72.7467
-72.7466
6.61334
82.6667
66.1333
-62.8266
-79.36
nan
89.6399
106.24
-73.04
-73.04
6.64001
83
66.4
-63.0799
-79.68
nan
89.9999
106.667
-73.3334
-73.3333
6.66668
83.3334
66.6667
-63.3333
-80
nan
89.9999
106.667
-73.3334
-73.3333
6.66668
83.3334
66.6667
-63.3333
-80
nan
89.9999
106.667
-73.3334
-73.3333
6.66668
83.3334
66.6667
-63.3333
-80
nan
90.3599
107.093
-73.6267
-73.6266
6.69334
83.6667
66.9333
-63.5866
-80.32
nan
90.3599
107.093
-73.6267
-73.6266
6.69334
83.6667
66.9333
-63.5866
-80.32
nan
90.7199
107.52
-73.92
-73.92
6.71998
84
67.2
-63.8399
-80.64
nan
91.0799
107.947
-74.2134
-74.2133
6.74666
84.3334
67.4667
-64.0933
-80.96
nan
91.0799
107.947
-74.2134
-74.2133
6.74666
84.3334
67.4667
-64.0933
-80.96
nan
91.4399
108.373
-74.5067
-74.5066
6.77332
84.6667
67.7333
-64.3466
-81.28
nan
91.4399
108.373
-74.5067
-74.5066
6.77332
84.6667
67.7333
-64.3466
-81.28
nan
91.7999
108.8
-74.8
-74.8
6.80002
85
68
-64.5999
-81.6
nan
91.7999
108.8
-74.8
-74.8
6.80002
85
68
-64.5999
-81.6
nan
92.1599
109.227
-75.0934
-75.0933
6.82665
85.3334
68.2667
-64.8533
-81.92
nan
92.5199
109.653
-75.3867
-75.3866
6.85335
85.6667
68.5334
-65.1066
-82.24
nan
92.8799
110.08
-75.68
-75.68
6.87997
86
68.8
-65.3599
-82.56
nan
92.8799
110.08
-75.68
-75.68
6.87997
86
68.8
-65.3599
-82.56
nan
92.8799
110.08
-75.68
-75.68
6.87997
86
68.8
-65.3599
-82.56
nan
92.8799
110.08
-75.68
-75.68
6.87997
86
68.8
-65.3599
-82.56
nan
93.2399
110.507
-75.9734
-75.9733
6.90666
86.3334
69.0667
-65.6133
-82.88
nan
93.2399
110.507
-75.9734
-75.9733
6.90666
86.3334
69.0667
-65.6133
-82.88
nan
93.2399
110.507
-75.9734
-75.9733
6.90666
86.3334
69.0667
-65.6133
-82.88
nan
93.2399
110.507
-75.9734
-75.9733
6.90666
86.3334
69.0667
-65.6133
-82.88
nan
93.5999
110.933
-76.2667
-76.2666
6.9333
86.6667
69.3333
-65.8666
-83.2
nan
93.5999
110.933
-76.2667
-76.2666
6.9333
86.6667
69.3333
-65.8666
-83.2
nan
93.5999
110.933
-76.2667
-76.2666
6.9333
86.6667
69.3333
-65.8666
-83.2
nan
93.5999
110.933
-76.2667
-76.2666
6.9333
86.6667
69.3333
-65.8666
-83.2
nan
93.9599
111.36
-76.56
-76.56
6.96001
87
69.6
-66.1199
-83.52
nan
93.9599
111.36
-76.56
-76.56
6.96001
87
69.6
-66.1199
-83.52
nan
94.3199
111.787
-76.8534
-76.8533
6.98668
87.3334
69.8667
-66.3733
-83.84
nan
94.3199
111.787
-76.8534
-76.8533
6.98668
87.3334
69.8667
-66.3733
-83.84
nan
94.3199
111.787
-76.8534
-76.8533
6.98668
87.3334
69.8667
-66.3733
-83.84
nan
94.3199
111.787
-76.8534
-76.8533
6.98668
87.3334
69.8667
-66.3733
-83.84
nan
94.6799
112.213
-77.1467
-77.1466
7.01333
87.6667
70.1333
-66.6266
-84.16
nan
95.0399
112.64
-77.44
-77.44
7.04002
88
70.4
-66.8799
-84.48
nan
95.0399
112.64
-77.44
-77.44
7.04002
88
70.4
-66.8799
-84.48
nan
95.3999
113.067
-77.7334
-77.7333
7.06666
88.3333
70.6667
-67.1333
-84.8
nan
95.7599
113.493
-78.0267
-78.0266
7.09335
88.6667
70.9333
-67.3866
-85.12
nan
95.7599
113.493
-78.0267
-78.0266
7.09335
88.6667
70.9333
-67.3866
-85.12
nan
96.1199
113.92
-78.32
-78.32
7.11998
89
71.2
-67.6399
-85.44
nan
96.1199
113.92
-78.32
-78.32
7.11998
89
71.2
-67.6399
-85.44
nan
96.4799
114.347
-78.6134
-78.6133
7.14666
89.3333
71.4667
-67.8933
-85.76
nan
96.8399
114.773
-78.9067
-78.9066
7.17332
89.6667
71.7334
-68.1466
-86.08
nan
96.8399
114.773
-78.9067
-78.9066
7.17332
89.6667
71.7334
-68.1466
-86.08
nan
96.8399
114.773
-78.9067
-78.9066
7.17332
89.6667
71.7334
-68.1466
-86.08
nan
96.8399
114.773
-78.9067
-78.9066
7.17332
89.6667
71.7334
-68.1466
-86.08
nan
97.1999
115.2
-79.2
-79.2
7.19999
90
72
-68.3999
-86.4
nan
97.1999
115.2
-79.2
-79.2
7.19999
90
72
-68.3999
-86.4
nan
97.1999
115.2
-79.2
-79.2
7.19999
90
72
-68.3999
-86.4
nan
97.5599
115.627
-79.4934
-79.4933
7.22667
90.3334
72.2667
-68.6533
-86.72
nan
97.5599
115.627
-79.4934
-79.4933
7.22667
90.3334
72.2667
-68.6533
-86.72
nan
97.5599
115.627
-79.4934
-79.4933
7.22667
90.3334
72.2667
-68.6533
-86.72
nan
97.5599
115.627
-79.4934
-79.4933
7.22667
90.3334
72.2667
-68.6533
-86.72
nan
97.5599
115.627
-79.4934
-79.4933
7.22667
90.3334
72.2667
-68.6533
-86.72
nan
97.9199
116.053
-79.7867
-79.7866
7.25336
90.6667
72.5333
-68.9066
-87.04
nan
97.9199
116.053
-79.7867
-79.7866
7.25336
90.6667
72.5333
-68.9066
-87.04
nan
97.9199
116.053
-79.7867
-79.7866
7.25336
90.6667
72.5333
-68.9066
-87.04
nan
98.2799
116.48
-80.08
-80.08
7.28001
91
72.8
-69.1599
-87.36
nan
98.2799
116.48
-80.08
-80.08
7.28001
91
72.8
-69.1599
-87.36
nan
98.2799
116.48
-80.08
-80.08
7.28001
91
72.8
-69.1599
-87.36
nan
98.6399
116.907
-80.3734
-80.3733
7.30667
91.3334
73.0667
-69.4133
-87.68
nan
98.6399
116.907
-80.3734
-80.3733
7.30667
91.3334
73.0667
-69.4133
-87.68
nan
98.9999
117.333
-80.6667
-80.6666
7.33331
91.6667
73.3334
-69.6666
-88
nan
99.3599
117.76
-80.96
-80.96
7.35999
92
73.6
-69.9199
-88.32
nan
99.3599
117.76
-80.96
-80.96
7.35999
92
73.6
-69.9199
-88.32
nan
99.7199
118.187
-81.2534
-81.2533
7.38666
92.3333
73.8667
-70.1732
-88.64
nan
99.7199
118.187
-81.2534
-81.2533
7.38666
92.3333
73.8667
-70.1732
-88.64
nan
100.08
118.613
-81.5467
-81.5466
7.41331
92.6667
74.1334
-70.4266
-88.96
nan
100.08
118.613
-81.5467
-81.5466
7.41331
92.6667
74.1334
-70.4266
-88.96
nan
100.08
118.613
-81.5467
-81.5466
7.41331
92.6667
74.1334
-70.4266
-88.96
nan
100.08
118.613
-81.5467
-81.5466
7.41331
92.6667
74.1334
-70.4266
-88.96
nan
100.44
119.04
-81.84
-81.84
7.43999
93
74.4
-70.6799
-89.28
nan
100.44
119.04
-81.84
-81.84
7.43999
93
74.4
-70.6799
-89.28
nan
100.44
119.04
-81.84
-81.84
7.43999
93
74.4
-70.6799
-89.28
nan
100.44
119.04
-81.84
-81.84
7.43999
93
74.4
-70.6799
-89.28
nan
100.44
119.04
-81.84
-81.84
7.43999
93
74.4
-70.6799
-89.28
nan
100.44
119.04
-81.84
-81.84
7.43999
93
74.4
-70.6799
-89.28
nan
100.44
119.04
-81.84
-81.84
7.43999
93
74.4
-70.6799
-89.28
nan
100.8
119.467
-82.1334
-82.1333
7.46666
93.3334
74.6667
-70.9333
-89.6
nan
100.8
119.467
-82.1334
-82.1333
7.46666
93.3334
74.6667
-70.9333
-89.6
nan
100.8
119.467
-82.1334
-82.1333
7.46666
93.3334
74.6667
-70.9333
-89.6
nan
100.8
119.467
-82.1334
-82.1333
7.46666
93.3334
74.6667
-70.9333
-89.6
nan
100.8
119.467
-82.1334
-82.1333
7.46666
93.3334
74.6667
-70.9333
-89.6
nan
100.8
119.467
-82.1334
-82.1333
7.46666
93.3334
74.6667
-70.9333
-89.6
nan
100.8
119.467
-82.1334
-82.1333
7.46666
93.3334
74.6667
-70.9333
-89.6
nan
101.16
119.893
-82.4267
-82.4266
7.49334
93.6667
74.9333
-71.1866
-89.92
nan
101.16
119.893
-82.4267
-82.4266
7.49334
93.6667
74.9333
-71.1866
-89.92
nan
101.16
119.893
-82.4267
-82.4266
7.49334
93.6667
74.9333
-71.1866
-89.92
nan
101.52
120.32
-82.72
-82.72
7.52
94
75.2
-71.4399
-90.24
nan
101.52
120.32
-82.72
-82.72
7.52
94
75.2
-71.4399
-90.24
nan
101.52
120.32
-82.72
-82.72
7.52
94
75.2
-71.4399
-90.24
nan
101.52
120.32
-82.72
-82.72
7.52
94
75.2
-71.4399
-90.24
nan
101.52
120.32
-82.72
-82.72
7.52
94
75.2
-71.4399
-90.24
nan
101.52
120.32
-82.72
-82.72
7.52
94
75.2
-71.4399
-90.24
nan
101.52
120.32
-82.72
-82.72
7.52
94
75.2
-71.4399
-90.24
nan
101.52
120.32
-82.72
-82.72
7.52
94
75.2
-71.4399
-90.24
nan
101.88
120.747
-83.0134
-83.0133
7.54668
94.3334
75.4667
-71.6932
-90.56
nan
101.88
120.747
-83.0134
-83.0133
7.54668
94.3334
75.4667
-71.6932
-90.56
nan
102.24
121.173
-83.3067
-83.3066
7.57336
94.6667
75.7333
-71.9466
-90.88
nan
102.24
121.173
-83.3067
-83.3066
7.57336
94.6667
75.7333
-71.9466
-90.88
nan
102.24
121.173
-83.3067
-83.3066
7.57336
94.6667
75.7333
-71.9466
-90.88
nan
102.24
121.173
-83.3067
-83.3066
7.57336
94.6667
75.7333
-71.9466
-90.88
nan
102.6
121.6
-83.6
-83.6
7.60001
95
76
-72.1999
-91.2
nan
102.6
121.6
-83.6
-83.6
7.60001
95
76
-72.1999
-91.2
nan
102.96
122.027
-83.8934
-83.8933
7.62669
95.3333
76.2667
-72.4532
-91.52
nan
102.96
122.027
-83.8934
-83.8933
7.62669
95.3333
76.2667
-72.4532
-91.52
nan
103.32
122.453
-84.1867
-84.1866
7.65335
95.6667
76.5333
-72.7066
-91.84
nan
103.68
122.88
-84.48
-84.48
7.68002
96
76.8
-72.9599
-92.16
nan
103.68
122.88
-84.48
-84.48
7.68002
96
76.8
-72.9599
-92.16
nan
103.68
122.88
-84.48
-84.48
7.68002
96
76.8
-72.9599
-92.16
nan
104.04
123.307
-84.7734
-84.7733
7.70668
96.3334
77.0667
-73.2132
-92.48
nan
104.04
123.307
-84.7734
-84.7733
7.70668
96.3334
77.0667
-73.2132
-92.48
nan
104.04
123.307
-84.7734
-84.7733
7.70668
96.3334
77.0667
-73.2132
-92.48
nan
104.4
123.733
-85.0667
-85.0666
7.73337
96.6667
77.3333
-73.4666
-92.8
nan
104.4
123.733
-85.0667
-85.0666
7.73337
96.6667
77.3333
-73.4666
-92.8
nan
104.76
124.16
-85.36
-85.36
7.76003
97
77.6
-73.7199
-93.12
nan
105.12
124.587
-85.6534
-85.6533
7.78666
97.3333
77.8667
-73.9732
-93.44
nan
105.12
124.587
-85.6534
-85.6533
7.78666
97.3333
77.8667
-73.9732
-93.44
nan
105.12
124.587
-85.6534
-85.6533
7.78666
97.3333
77.8667
-73.9732
-93.44
nan
105.12
124.587
-85.6534
-85.6533
7.78666
97.3333
77.8667
-73.9732
-93.44
nan
105.12
124.587
-85.6534
-85.6533
7.78666
97.3333
77.8667
-73.9732
-93.44
nan
105.12
124.587
-85.6534
-85.6533
7.78666
97.3333
77.8667
-73.9732
-93.44
nan
105.12
124.587
-85.6534
-85.6533
7.78666
97.3333
77.8667
-73.9732
-93.44
nan
105.12
124.587
-85.6534
-85.6533
7.78666
97.3333
77.8667
-73.9732
-93.44
nan
105.12
124.587
-85.6534
-85.6533
7.78666
97.3333
77.8667
-73.9732
-93.44
nan
105.48
125.013
-85.9467
-85.9466
7.81336
97.6667
78.1333
-74.2266
-93.76
nan
105.48
125.013
-85.9467
-85.9466
7.81336
97.6667
78.1333
-74.2266
-93.76
nan
105.84
125.44
-86.24
-86.24
7.84002
98
78.4
-74.4799
-94.08
nan
105.84
125.44
-86.24
-86.24
7.84002
98
78.4
-74.4799
-94.08
nan
106.2
125.867
-86.5334
-86.5333
7.86669
98.3333
78.6667
-74.7332
-94.4
nan
106.56
126.293
-86.8267
-86.8266
7.89334
98.6667
78.9333
-74.9866
-94.72
nan
106.56
126.293
-86.8267
-86.8266
7.89334
98.6667
78.9333
-74.9866
-94.72
nan
106.56
126.293
-86.8267
-86.8266
7.89334
98.6667
78.9333
-74.9866
-94.72
nan
106.56
126.293
-86.8267
-86.8266
7.89334
98.6667
78.9333
-74.9866
-94.72
nan
106.92
126.72
-87.12
-87.1199
7.92001
99
79.2
-75.2399
-95.04
nan
107.28
127.147
-87.4134
-87.4133
7.94668
99.3333
79.4667
-75.4932
-95.36
nan
107.64
127.573
-87.7067
-87.7066
7.97334
99.6667
79.7333
-75.7466
-95.68
nan
108
128
-88
-88
8.00001
100
80
-75.9999
-96
nan
0.359365
0.427043
-0.294751
-0.292752
0.0279765
0.33455
0.267611
-0.253338
-0.319594
nan
0.359365
0.427043
-0.294751
-0.292752
0.0279765
0.33455
0.267611
-0.253338
-0.319594
nan
0.359365
0.427043
-0.294751
-0.292752
0.0279765
0.33455
0.267611
-0.253338
-0.319594
nan
0.359365
0.427043
-0.294751
-0.292752
0.0279765
0.33455
0.267611
-0.253338
-0.319594
nan
0.359365
0.427043
-0.294751
-0.292752
0.0279765
0.33455
0.267611
-0.253338
-0.319594
nan
0.719549
0.853404
-0.586842
-0.586842
0.0559529
0.667053
0.533759
-0.506677
-0.640108
nan
1.07992
1.27993
-0.880489
-0.880267
0.0815647
1.00015
0.799663
-0.760276
-0.960015
nan
1.07992
1.27993
-0.880489
-0.880267
0.0815647
1.00015
0.799663
-0.760276
-0.960015
nan
1.07992
1.27993
-0.880489
-0.880267
0.0815647
1.00015
0.799663
-0.760276
-0.960015
nan
1.07992
1.27993
-0.880489
-0.880267
0.0815647
1.00015
0.799663
-0.760276
-0.960015
nan
1.07992
1.27993
-0.880489
-0.880267
0.0815647
1.00015
0.799663
-0.760276
-0.960015
nan
1.43981
1.70663
-1.1737
-1.1732
0.106531
1.33369
1.0668
-1.01317
-1.28008
nan
1.79994
2.13332
-1.46687
-1.46674
0.132704
1.66671
1.33325
-1.26671
-1.6001
nan
1.79994
2.13332
-1.46687
-1.46674
0.132704
1.66671
1.33325
-1.26671
-1.6001
nan
1.79994
2.13332
-1.46687
-1.46674
0.132704
1.66671
1.33325
-1.26671
-1.6001
nan
1.79994
2.13332
-1.46687
-1.46674
0.132704
1.66671
1.33325
-1.26671
-1.6001
nan
2.15994
2.56002
-1.76014
-1.76014
0.15949
2.00017
1.6001
-1.5202
-1.92
nan
2.51987
2.98655
-2.05357
-2.05328
0.186626
2.33339
1.86687
-1.77321
-2.23992
nan
2.88004
3.41329
-2.34685
-2.3466
0.213062
2.66682
2.1335
-2.02671
-2.56002
nan
2.88004
3.41329
-2.34685
-2.3466
0.213062
2.66682
2.1335
-2.02671
-2.56002
nan
3.23997
3.83997
-2.63997
-2.63997
0.239848
2.99996
2.39996
-2.27993
-2.87991
nan
3.23997
3.83997
-2.63997
-2.63997
0.239848
2.99996
2.39996
-2.27993
-2.87991
nan
3.23997
3.83997
-2.63997
-2.63997
0.239848
2.99996
2.39996
-2.27993
-2.87991
nan
3.23997
3.83997
-2.63997
-2.63997
0.239848
2.99996
2.39996
-2.27993
-2.87991
nan
3.23997
3.83997
-2.63997
-2.63997
0.239848
2.99996
2.39996
-2.27993
-2.87991
nan
3.6
4.26668
-2.93325
-2.93338
0.266879
3.33349
2.6666
-2.53335
-3.19996
nan
3.6
4.26668
-2.93325
-2.93338
0.266879
3.33349
2.6666
-2.53335
-3.19996
nan
3.6
4.26668
-2.93325
-2.93338
0.266879
3.33349
2.6666
-2.53335
-3.19996
nan
3.95998
4.69336
-3.22665
-3.22665
0.29342
3.66688
2.93338
-2.78678
-3.51998
nan
4.31992
5.12002
-3.52009
-3.52003
0.319594
4.00003
3.20008
-3.03996
-3.83992
nan
4.31992
5.12002
-3.52009
-3.52003
0.319594
4.00003
3.20008
-3.03996
-3.83992
nan
4.31992
5.12002
-3.52009
-3.52003
0.319594
4.00003
3.20008
-3.03996
-3.83992
nan
4.6799
5.54673
-3.81331
-3.81331
0.346615
4.33341
3.46673
-3.29337
-4.15996
nan
4.6799
5.54673
-3.81331
-3.81331
0.346615
4.33341
3.46673
-3.29337
-4.15996
nan
4.6799
5.54673
-3.81331
-3.81331
0.346615
4.33341
3.46673
-3.29337
-4.15996
nan
4.6799
5.54673
-3.81331
-3.81331
0.346615
4.33341
3.46673
-3.29337
-4.15996
nan
5.03999
5.97333
-4.10675
-4.10661
0.373253
4.66669
3.73334
-3.54669
-4.47995
nan
5.03999
5.97333
-4.10675
-4.10661
0.373253
4.66669
3.73334
-3.54669
-4.47995
nan
5.03999
5.97333
-4.10675
-4.10661
0.373253
4.66669
3.73334
-3.54669
-4.47995
nan
5.03999
5.97333
-4.10675
-4.10661
0.373253
4.66669
3.73334
-3.54669
-4.47995
nan
5.03999
5.97333
-4.10675
-4.10661
0.373253
4.66669
3.73334
-3.54669
-4.47995
nan
5.03999
5.97333
-4.10675
-4.10661
0.373253
4.66669
3.73334
-3.54669
-4.47995
nan
5.39993
6.4
-4.40002
-4.39993
0.400074
5.00002
4.00008
-3.80004
-4.79996
nan
5.75994
6.82668
-4.69336
-4.69336
0.426585
5.3334
4.26668
-4.05338
-5.12002
nan
5.75994
6.82668
-4.69336
-4.69336
0.426585
5.3334
4.26668
-4.05338
-5.12002
nan
6.11994
7.25336
-4.98661
-4.98665
0.453703
5.66666
4.53341
-4.30666
-5.44003
nan
6.47996
7.68005
-5.27997
-5.28001
0.480105
5.99999
4.8
-4.55999
-5.76
nan
6.83994
8.10668
-5.57338
-5.57334
0.507063
6.33333
5.06663
-4.81332
-6.08002
nan
7.19996
8.53336
-5.86668
-5.86662
0.533025
6.66668
5.33333
-5.0667
-6.4
nan
7.19996
8.53336
-5.86668
-5.86662
0.533025
6.66668
5.33333
-5.0667
-6.4
nan
7.55998
8.95998
-6.16001
-6.16001
0.559881
6.99998
5.6
-5.31998
-6.72001
nan
7.55998
8.95998
-6.16001
-6.16001
0.559881
6.99998
5.6
-5.31998
-6.72001
nan
7.91996
9.3867
-6.45336
-6.45333
0.586508
7.33331
5.86672
-5.57334
-7.04002
nan
8.27998
9.81334
-6.74669
-6.74666
0.613256
7.6667
6.13328
-5.82672
-7.36002
nan
8.63995
10.24
-7.04002
-7.03999
0.640108
7.99998
6.4
-6.07999
-7.67997
nan
8.63995
10.24
-7.04002
-7.03999
0.640108
7.99998
6.4
-6.07999
-7.67997
nan
8.99997
10.6667
-7.33334
-7.33331
0.666466
8.33336
6.66668
-6.33326
-7.99998
nan
8.99997
10.6667
-7.33334
-7.33331
0.666466
8.33336
6.66668
-6.33326
-7.99998
nan
9.35994
11.0933
-7.62666
-7.62666
0.693233
8.66665
6.93333
-6.58663
-8.31999
nan
9.35994
11.0933
-7.62666
-7.62666
0.693233
8.66665
6.93333
-6.58663
-8.31999
nan
9.71996
11.52
-7.92003
-7.91998
0.720093
8.99999
7.19999
-6.84003
-8.63995
nan
9.71996
11.52
-7.92003
-7.91998
0.720093
8.99999
7.19999
-6.84003
-8.63995
nan
10.08
11.9466
-8.21336
-8.21332
0.74651
9.33332
7.46666
-7.09335
-8.95998
nan
10.44
12.3733
-8.50669
-8.50662
0.773291
9.66664
7.73335
-7.34668
-9.27996
nan
10.44
12.3733
-8.50669
-8.50662
0.773291
9.66664
7.73335
-7.34668
-9.27996
nan
10.44
12.3733
-8.50669
-8.50662
0.773291
9.66664
7.73335
-7.34668
-9.27996
nan
10.44
12.3733
-8.50669
-8.50662
0.773291
9.66664
7.73335
-7.34668
-9.27996
nan
10.44
12.3733
-8.50669
-8.50662
0.773291
9.66664
7.73335
-7.34668
-9.27996
nan
10.8
12.8
-8.80002
-8.79998
0.799663
10
8.00003
-7.60001
-9.60001
nan
10.8
12.8
-8.80002
-8.79998
0.799663
10
8.00003
-7.60001
-9.60001
nan
11.16
13.2267
-9.09332
-9.09332
0.826852
10.3333
8.26667
-7.8533
-9.92
nan
11.52
13.6533
-9.3867
-9.38666
0.853175
10.6667
8.53334
-8.10668
-10.24
nan
11.88
14.08
-9.68004
-9.67997
0.880045
11
8.80002
-8.35999
-10.56
nan
11.88
14.08
-9.68004
-9.67997
0.880045
11
8.80002
-8.35999
-10.56
nan
11.88
14.08
-9.68004
-9.67997
0.880045
11
8.80002
-8.35999
-10.56
nan
12.24
14.5067
-9.97334
-9.9733
0.906766
11.3333
9.0667
-8.61331
-10.88
nan
12.24
14.5067
-9.97334
-9.9733
0.906766
11.3333
9.0667
-8.61331
-10.88
nan
12.24
14.5067
-9.97334
-9.9733
0.906766
11.3333
9.0667
-8.61331
-10.88
nan
12.24
14.5067
-9.97334
-9.9733
0.906766
11.3333
9.0667
-8.61331
-10.88
nan
12.24
14.5067
-9.97334
-9.9733
0.906766
11.3333
9.0667
-8.61331
-10.88
nan
12.6
14.9333
-10.2667
-10.2667
0.933351
11.6667
9.33334
-8.86665
-11.2
nan
12.6
14.9333
-10.2667
-10.2667
0.933351
11.6667
9.33334
-8.86665
-11.2
nan
12.6
14.9333
-10.2667
-10.2667
0.933351
11.6667
9.33334
-8.86665
-11.2
nan
12.96
15.36
-10.56
-10.56
0.960015
12
9.60003
-9.12001
-11.52
nan
13.32
15.7867
-10.8534
-10.8533
0.986554
12.3333
9.86669
-9.37331
-11.84
nan
13.32
15.7867
-10.8534
-10.8533
0.986554
12.3333
9.86669
-9.37331
-11.84
nan
13.68
16.2133
-11.1466
-11.1466
1.01356
12.6667
10.1334
-9.62666
-12.16
nan
13.68
16.2133
-11.1466
-11.1466
1.01356
12.6667
10.1334
-9.62666
-12.16
nan
13.68
16.2133
-11.1466
-11.1466
1.01356
12.6667
10.1334
-9.62666
-12.16
nan
13.68
16.2133
-11.1466
-11.1466
1.01356
12.6667
10.1334
-9.62666
-12.16
nan
14.04
16.64
-11.44
-11.44
1.04023
13
10.4
-9.88
-12.48
nan
14.04
16.64
-11.44
-11.44
1.04023
13
10.4
-9.88
-12.48
nan
14.3999
17.0667
-11.7333
-11.7333
1.06661
13.3333
10.6666
-10.1334
-12.8
nan
14.3999
17.0667
-11.7333
-11.7333
1.06661
13.3333
10.6666
-10.1334
-12.8
nan
14.76
17.4933
-12.0267
-12.0266
1.09325
13.6667
10.9334
-10.3867
-13.12
nan
14.76
17.4933
-12.0267
-12.0266
1.09325
13.6667
10.9334
-10.3867
-13.12
nan
15.12
17.92
-12.32
-12.32
1.11995
14
11.2
-10.64
-13.44
nan
15.12
17.92
-12.32
-12.32
1.11995
14
11.2
-10.64
-13.44
nan
15.48
18.3467
-12.6134
-12.6133
1.14671
14.3334
11.4667
-10.8933
-13.76
nan
15.84
18.7734
-12.9067
-12.9066
1.17337
14.6667
11.7333
-11.1466
-14.08
nan
15.84
18.7734
-12.9067
-12.9066
1.17337
14.6667
11.7333
-11.1466
-14.08
nan
15.84
18.7734
-12.9067
-12.9066
1.17337
14.6667
11.7333
-11.1466
-14.08
nan
15.84
18.7734
-12.9067
-12.9066
1.17337
14.6667
11.7333
-11.1466
-14.08
nan
16.2
19.2
-13.2
-13.2
1.19992
15
12
-11.4
-14.4
nan
16.56
19.6267
-13.4933
-13.4933
1.22669
15.3333
12.2667
-11.6533
-14.72
